Date,Low,Open,Volume,High,Close,Adjusted Close
16-10-2013,35.060001373291016,38.0,13954000,39.63999938964844,37.15999984741211,37.15999984741211
17-10-2013,37.099998474121094,37.130001068115234,2936900,42.0,41.599998474121094,41.599998474121094
18-10-2013,43.59000015258789,43.70000076293945,1190900,44.9900016784668,44.38999938964844,44.38999938964844
21-10-2013,45.38999938964844,49.0,998800,49.0,46.2400016784668,46.2400016784668
22-10-2013,41.77000045776367,47.959999084472656,1133000,48.0,42.95000076293945,42.95000076293945
23-10-2013,39.56999969482422,42.470001220703125,953500,42.93000030517578,40.150001525878906,40.150001525878906
24-10-2013,40.150001525878906,40.150001525878906,591600,43.34000015258789,43.150001525878906,43.150001525878906
25-10-2013,40.599998474121094,44.0,392200,44.619998931884766,43.0,43.0
28-10-2013,40.11000061035156,43.25,340200,43.25,40.470001220703125,40.470001220703125
29-10-2013,38.0099983215332,40.47999954223633,528400,41.0,38.720001220703125,38.720001220703125
30-10-2013,36.81999969482422,38.619998931884766,641500,39.0,37.20000076293945,37.20000076293945
31-10-2013,35.0,36.900001525878906,1275500,39.4900016784668,38.90999984741211,38.90999984741211
01-11-2013,37.54999923706055,39.0,401100,40.29999923706055,38.58000183105469,38.58000183105469
04-11-2013,37.5,39.040000915527344,264500,39.91999816894531,38.93000030517578,38.93000030517578
05-11-2013,37.900001525878906,39.0,281100,39.560001373291016,38.189998626708984,38.189998626708984
06-11-2013,37.79999923706055,38.7599983215332,189600,38.880001068115234,38.63999938964844,38.63999938964844
07-11-2013,37.68000030517578,38.63999938964844,260600,38.70000076293945,38.11000061035156,38.11000061035156
08-11-2013,38.150001525878906,38.150001525878906,504300,40.619998931884766,40.540000915527344,40.540000915527344
11-11-2013,37.09000015258789,40.22999954223633,720100,40.59000015258789,37.189998626708984,37.189998626708984
12-11-2013,36.599998474121094,37.63999938964844,279700,37.63999938964844,37.099998474121094,37.099998474121094
13-11-2013,36.75,37.0,184700,38.77000045776367,38.709999084472656,38.709999084472656
14-11-2013,38.36000061035156,39.04999923706055,110900,39.04999923706055,38.849998474121094,38.849998474121094
15-11-2013,38.47999954223633,39.439998626708984,365900,41.04999923706055,38.59000015258789,38.59000015258789
18-11-2013,38.25,38.599998474121094,295100,40.790000915527344,38.529998779296875,38.529998779296875
19-11-2013,36.810001373291016,38.25,272500,38.31999969482422,37.0099983215332,37.0099983215332
20-11-2013,36.75,37.75,251800,38.619998931884766,36.93000030517578,36.93000030517578
21-11-2013,36.849998474121094,37.15999984741211,418200,37.9900016784668,37.54999923706055,37.54999923706055
22-11-2013,37.83000183105469,39.439998626708984,775500,39.70000076293945,38.150001525878906,38.150001525878906
25-11-2013,38.459999084472656,39.25,83800,40.75,39.4900016784668,39.4900016784668
26-11-2013,38.400001525878906,38.40999984741211,993700,42.470001220703125,42.130001068115234,42.130001068115234
27-11-2013,41.02000045776367,42.439998626708984,521800,43.689998626708984,41.90999984741211,41.90999984741211
29-11-2013,39.72999954223633,42.290000915527344,443600,42.59000015258789,40.4900016784668,40.4900016784668
02-12-2013,40.029998779296875,40.029998779296875,390100,42.220001220703125,41.220001220703125,41.220001220703125
03-12-2013,39.9900016784668,40.33000183105469,743700,42.27000045776367,40.209999084472656,40.209999084472656
04-12-2013,39.95000076293945,40.349998474121094,825000,41.88999938964844,40.13999938964844,40.13999938964844
05-12-2013,40.029998779296875,40.4900016784668,1115000,41.47999954223633,40.97999954223633,40.97999954223633
06-12-2013,38.5,43.220001220703125,3305300,44.29999923706055,40.04999923706055,40.04999923706055
09-12-2013,37.81999969482422,40.040000915527344,1406100,40.08000183105469,38.08000183105469,38.08000183105469
10-12-2013,37.97999954223633,38.08000183105469,610200,39.47999954223633,38.310001373291016,38.310001373291016
11-12-2013,37.779998779296875,38.400001525878906,507900,38.90999984741211,37.880001068115234,37.880001068115234
12-12-2013,37.400001525878906,37.70000076293945,472000,38.279998779296875,37.52000045776367,37.52000045776367
13-12-2013,36.66999816894531,37.83000183105469,751700,37.86000061035156,36.93000030517578,36.93000030517578
16-12-2013,32.560001373291016,36.970001220703125,3465100,37.09000015258789,34.16999816894531,34.16999816894531
17-12-2013,32.880001068115234,34.310001373291016,1625800,34.310001373291016,34.060001373291016,34.060001373291016
18-12-2013,32.599998474121094,33.220001220703125,1090000,34.150001525878906,33.56999969482422,33.56999969482422
19-12-2013,32.04999923706055,33.20000076293945,988000,33.31999969482422,32.939998626708984,32.939998626708984
20-12-2013,32.25,33.0,2274700,33.9900016784668,33.689998626708984,33.689998626708984
23-12-2013,32.529998779296875,33.599998474121094,643300,33.900001525878906,32.70000076293945,32.70000076293945
24-12-2013,32.59000015258789,32.900001525878906,489300,32.97999954223633,32.83000183105469,32.83000183105469
26-12-2013,32.08000183105469,32.75,459600,33.4900016784668,32.310001373291016,32.310001373291016
27-12-2013,31.559999465942383,32.150001525878906,561500,32.40999984741211,31.860000610351562,31.860000610351562
30-12-2013,31.43000030517578,31.799999237060547,528500,32.400001525878906,31.8799991607666,31.8799991607666
31-12-2013,31.6299991607666,32.06999969482422,544700,32.22999954223633,32.099998474121094,32.099998474121094
02-01-2014,31.899999618530273,32.08000183105469,392800,32.43000030517578,32.33000183105469,32.33000183105469
03-01-2014,32.0,32.349998474121094,1604900,35.5,35.16999816894531,35.16999816894531
06-01-2014,34.13999938964844,35.02000045776367,882100,35.59000015258789,34.86000061035156,34.86000061035156
07-01-2014,33.70000076293945,34.689998626708984,807800,34.90999984741211,34.34000015258789,34.34000015258789
08-01-2014,33.79999923706055,34.279998779296875,780300,35.0,34.16999816894531,34.16999816894531
09-01-2014,32.11000061035156,34.06999969482422,925100,34.380001068115234,32.630001068115234,32.630001068115234
10-01-2014,31.5,32.630001068115234,974500,32.72999954223633,32.529998779296875,32.529998779296875
13-01-2014,32.470001220703125,32.90999984741211,609600,33.099998474121094,33.06999969482422,33.06999969482422
14-01-2014,32.90999984741211,33.09000015258789,794200,33.7599983215332,33.7400016784668,33.7400016784668
15-01-2014,28.709999084472656,33.290000915527344,5051900,33.5,32.02000045776367,32.02000045776367
16-01-2014,31.309999465942383,32.0,1326000,32.36000061035156,31.940000534057617,31.940000534057617
17-01-2014,31.31999969482422,31.899999618530273,916700,31.989999771118164,31.5,31.5
21-01-2014,31.219999313354492,31.600000381469727,622400,31.889999389648438,31.760000228881836,31.760000228881836
22-01-2014,31.139999389648438,31.959999084472656,468900,31.969999313354492,31.290000915527344,31.290000915527344
23-01-2014,31.25,31.889999389648438,649700,32.08000183105469,31.6200008392334,31.6200008392334
24-01-2014,30.90999984741211,31.40999984741211,556100,32.0099983215332,31.889999389648438,31.889999389648438
27-01-2014,30.579999923706055,31.81999969482422,397200,31.889999389648438,31.09000015258789,31.09000015258789
28-01-2014,30.899999618530273,31.110000610351562,197700,31.56999969482422,31.020000457763672,31.020000457763672
29-01-2014,30.5,30.709999084472656,427500,31.18000030517578,31.0,31.0
30-01-2014,31.260000228881836,31.260000228881836,525200,32.63999938964844,32.25,32.25
31-01-2014,31.75,31.979999542236328,347400,32.38999938964844,31.790000915527344,31.790000915527344
03-02-2014,29.190000534057617,31.760000228881836,1010000,31.780000686645508,29.459999084472656,29.459999084472656
04-02-2014,28.809999465942383,29.549999237060547,863800,30.110000610351562,30.040000915527344,30.040000915527344
05-02-2014,29.469999313354492,29.68000030517578,540800,30.3799991607666,29.760000228881836,29.760000228881836
06-02-2014,29.84000015258789,29.959999084472656,240900,30.729999542236328,30.549999237060547,30.549999237060547
07-02-2014,30.559999465942383,30.75,286700,30.969999313354492,30.809999465942383,30.809999465942383
10-02-2014,30.690000534057617,30.899999618530273,154300,31.030000686645508,30.850000381469727,30.850000381469727
11-02-2014,30.450000762939453,30.899999618530273,228100,31.34000015258789,31.020000457763672,31.020000457763672
12-02-2014,30.920000076293945,31.170000076293945,333400,31.540000915527344,31.299999237060547,31.299999237060547
13-02-2014,31.290000915527344,31.290000915527344,464100,32.959999084472656,32.619998931884766,32.619998931884766
14-02-2014,32.4900016784668,32.83000183105469,930000,34.2599983215332,34.22999954223633,34.22999954223633
18-02-2014,34.380001068115234,34.400001525878906,1069400,36.16999816894531,35.849998474121094,35.849998474121094
19-02-2014,35.18000030517578,35.7599983215332,517200,36.27000045776367,35.900001525878906,35.900001525878906
20-02-2014,35.38999938964844,35.88999938964844,230200,36.040000915527344,35.869998931884766,35.869998931884766
21-02-2014,34.36000061035156,35.90999984741211,345900,35.90999984741211,35.04999923706055,35.04999923706055
24-02-2014,34.83000183105469,35.06999969482422,456200,36.06999969482422,35.16999816894531,35.16999816894531
25-02-2014,33.68000030517578,35.06999969482422,454600,35.06999969482422,35.0,35.0
26-02-2014,34.720001220703125,35.04999923706055,442800,35.310001373291016,35.16999816894531,35.16999816894531
27-02-2014,35.06999969482422,35.220001220703125,622000,36.220001220703125,35.849998474121094,35.849998474121094
28-02-2014,34.70000076293945,36.06999969482422,1373000,38.08000183105469,35.29999923706055,35.29999923706055
03-03-2014,34.220001220703125,34.959999084472656,461400,36.040000915527344,35.9900016784668,35.9900016784668
04-03-2014,35.630001068115234,36.349998474121094,1919500,37.849998474121094,37.79999923706055,37.79999923706055
05-03-2014,34.119998931884766,39.810001373291016,4219000,39.810001373291016,34.7599983215332,34.7599983215332
06-03-2014,33.779998779296875,34.86000061035156,1139600,35.72999954223633,34.04999923706055,34.04999923706055
07-03-2014,32.31999969482422,33.849998474121094,1706600,34.130001068115234,32.43000030517578,32.43000030517578
10-03-2014,32.279998779296875,32.650001525878906,965300,33.90999984741211,33.77000045776367,33.77000045776367
11-03-2014,32.86000061035156,33.97999954223633,673300,34.060001373291016,32.970001220703125,32.970001220703125
12-03-2014,32.83000183105469,32.83000183105469,523500,33.5,33.290000915527344,33.290000915527344
13-03-2014,31.8799991607666,33.38999938964844,869800,33.470001220703125,32.56999969482422,32.56999969482422
14-03-2014,32.0,32.59000015258789,434700,32.9900016784668,32.2599983215332,32.2599983215332
17-03-2014,32.279998779296875,32.599998474121094,680200,33.400001525878906,33.099998474121094,33.099998474121094
18-03-2014,33.470001220703125,33.939998626708984,738400,34.0,33.779998779296875,33.779998779296875
19-03-2014,32.54999923706055,33.779998779296875,428500,33.779998779296875,32.81999969482422,32.81999969482422
20-03-2014,31.649999618530273,32.4900016784668,613600,32.869998931884766,31.739999771118164,31.739999771118164
21-03-2014,29.850000381469727,31.709999084472656,908700,32.060001373291016,30.110000610351562,30.110000610351562
24-03-2014,27.0,30.139999389648438,1639600,30.170000076293945,27.389999389648438,27.389999389648438
25-03-2014,26.639999389648438,27.0,2544100,28.829999923706055,27.270000457763672,27.270000457763672
26-03-2014,25.209999084472656,26.850000381469727,7965400,27.1299991607666,26.270000457763672,26.270000457763672
27-03-2014,25.3700008392334,26.200000762939453,1458300,26.700000762939453,26.0,26.0
28-03-2014,25.84000015258789,26.049999237060547,992200,26.920000076293945,26.90999984741211,26.90999984741211
31-03-2014,26.350000381469727,26.899999618530273,718700,27.100000381469727,26.700000762939453,26.700000762939453
01-04-2014,26.040000915527344,26.700000762939453,1137100,27.079999923706055,26.290000915527344,26.290000915527344
02-04-2014,25.850000381469727,28.389999389648438,2764900,29.059999465942383,26.389999389648438,26.389999389648438
03-04-2014,24.690000534057617,26.389999389648438,1747200,26.5,24.729999542236328,24.729999542236328
04-04-2014,21.90999984741211,24.780000686645508,4269200,25.100000381469727,23.100000381469727,23.100000381469727
07-04-2014,22.5,22.860000610351562,1215100,23.31999969482422,23.049999237060547,23.049999237060547
08-04-2014,22.540000915527344,23.100000381469727,1357500,23.649999618530273,23.420000076293945,23.420000076293945
09-04-2014,23.0,23.5,1297600,24.170000076293945,24.139999389648438,24.139999389648438
10-04-2014,22.399999618530273,24.25,1813200,24.25,23.260000228881836,23.260000228881836
11-04-2014,21.850000381469727,22.8799991607666,1114000,23.540000915527344,21.899999618530273,21.899999618530273
14-04-2014,20.399999618530273,20.530000686645508,4274700,22.84000015258789,21.899999618530273,21.899999618530273
15-04-2014,20.959999084472656,21.610000610351562,1794800,22.31999969482422,22.149999618530273,22.149999618530273
16-04-2014,21.75,22.360000610351562,1126500,22.799999237060547,22.6299991607666,22.6299991607666
17-04-2014,21.790000915527344,22.420000076293945,1095700,22.760000228881836,22.549999237060547,22.549999237060547
21-04-2014,21.440000534057617,22.479999542236328,907200,22.530000686645508,22.06999969482422,22.06999969482422
22-04-2014,21.93000030517578,21.950000762939453,1251300,23.59000015258789,23.15999984741211,23.15999984741211
23-04-2014,22.100000381469727,23.149999618530273,606300,23.3700008392334,22.149999618530273,22.149999618530273
24-04-2014,20.8700008392334,22.329999923706055,1050500,22.5,20.989999771118164,20.989999771118164
25-04-2014,19.610000610351562,20.700000762939453,1657300,20.850000381469727,19.739999771118164,19.739999771118164
28-04-2014,17.850000381469727,19.739999771118164,2908700,19.899999618530273,18.8700008392334,18.8700008392334
29-04-2014,18.25,19.0,1335700,19.3799991607666,18.700000762939453,18.700000762939453
30-04-2014,18.209999084472656,18.5,2050000,19.219999313354492,19.209999084472656,19.209999084472656
01-05-2014,18.950000762939453,19.0,2301500,20.420000076293945,19.610000610351562,19.610000610351562
02-05-2014,19.5,19.549999237060547,814200,19.950000762939453,19.889999389648438,19.889999389648438
05-05-2014,19.530000686645508,19.670000076293945,568000,20.190000534057617,19.670000076293945,19.670000076293945
06-05-2014,19.1200008392334,19.540000915527344,995800,19.799999237060547,19.299999237060547,19.299999237060547
07-05-2014,17.110000610351562,19.209999084472656,2393700,19.280000686645508,17.8700008392334,17.8700008392334
08-05-2014,17.639999389648438,17.75,912800,18.510000228881836,17.90999984741211,17.90999984741211
09-05-2014,17.670000076293945,17.829999923706055,489300,18.360000610351562,18.229999542236328,18.229999542236328
12-05-2014,18.229999542236328,18.280000686645508,627500,19.110000610351562,19.040000915527344,19.040000915527344
13-05-2014,18.15999984741211,19.0,512600,19.149999618530273,18.350000381469727,18.350000381469727
14-05-2014,17.65999984741211,18.200000762939453,655500,18.5,18.219999313354492,18.219999313354492
15-05-2014,17.760000228881836,18.149999618530273,577900,18.799999237060547,18.68000030517578,18.68000030517578
16-05-2014,18.399999618530273,18.700000762939453,943900,19.3700008392334,19.34000015258789,19.34000015258789
19-05-2014,19.040000915527344,19.190000534057617,517300,19.540000915527344,19.209999084472656,19.209999084472656
20-05-2014,19.219999313354492,19.219999313354492,595700,20.040000915527344,19.899999618530273,19.899999618530273
21-05-2014,19.75,20.239999771118164,805400,20.299999237060547,19.780000686645508,19.780000686645508
22-05-2014,19.549999237060547,19.670000076293945,1092800,20.780000686645508,20.110000610351562,20.110000610351562
23-05-2014,19.8799991607666,20.149999618530273,985900,21.350000381469727,21.15999984741211,21.15999984741211
27-05-2014,20.93000030517578,21.260000228881836,835300,21.520000457763672,21.100000381469727,21.100000381469727
28-05-2014,20.81999969482422,21.93000030517578,1467400,22.040000915527344,21.889999389648438,21.889999389648438
29-05-2014,21.34000015258789,22.0,2051900,22.260000228881836,22.040000915527344,22.040000915527344
30-05-2014,20.049999237060547,22.829999923706055,4013700,23.25,20.959999084472656,20.959999084472656
02-06-2014,19.700000762939453,20.809999465942383,1625400,20.940000534057617,19.850000381469727,19.850000381469727
03-06-2014,19.510000228881836,19.65999984741211,913100,20.31999969482422,20.059999465942383,20.059999465942383
04-06-2014,19.649999618530273,19.8700008392334,524600,20.100000381469727,19.799999237060547,19.799999237060547
05-06-2014,19.639999389648438,19.790000915527344,774600,20.850000381469727,20.75,20.75
06-06-2014,20.3700008392334,20.559999465942383,825100,21.450000762939453,21.149999618530273,21.149999618530273
09-06-2014,21.09000015258789,21.1299991607666,664200,21.899999618530273,21.5,21.5
10-06-2014,21.040000915527344,21.309999465942383,397900,21.450000762939453,21.360000610351562,21.360000610351562
11-06-2014,21.09000015258789,21.260000228881836,827400,22.100000381469727,21.729999542236328,21.729999542236328
12-06-2014,21.459999084472656,21.700000762939453,496900,22.040000915527344,22.030000686645508,22.030000686645508
13-06-2014,20.860000610351562,21.989999771118164,695800,22.139999389648438,21.309999465942383,21.309999465942383
16-06-2014,20.790000915527344,20.829999923706055,2726100,23.8799991607666,23.719999313354492,23.719999313354492
17-06-2014,22.979999542236328,23.280000686645508,2339700,24.75,24.520000457763672,24.520000457763672
18-06-2014,24.219999313354492,24.5,1494800,25.0,24.899999618530273,24.899999618530273
19-06-2014,24.489999771118164,24.790000915527344,993500,24.989999771118164,24.81999969482422,24.81999969482422
20-06-2014,24.3700008392334,24.65999984741211,1527000,24.899999618530273,24.75,24.75
23-06-2014,24.25,24.739999771118164,1311300,24.8799991607666,24.520000457763672,24.520000457763672
24-06-2014,24.399999618530273,24.549999237060547,1884600,25.239999771118164,24.780000686645508,24.780000686645508
25-06-2014,23.290000915527344,23.530000686645508,2113900,24.8799991607666,24.309999465942383,24.309999465942383
26-06-2014,22.969999313354492,24.299999237060547,2043100,24.34000015258789,24.209999084472656,24.209999084472656
27-06-2014,24.09000015258789,24.200000762939453,1922200,25.0,24.829999923706055,24.829999923706055
30-06-2014,24.700000762939453,24.799999237060547,1107400,25.670000076293945,25.450000762939453,25.450000762939453
01-07-2014,25.280000686645508,25.729999542236328,1628400,26.260000228881836,26.209999084472656,26.209999084472656
02-07-2014,25.139999389648438,26.1299991607666,1493600,26.34000015258789,25.229999542236328,25.229999542236328
03-07-2014,24.809999465942383,25.5,728200,25.5,24.959999084472656,24.959999084472656
07-07-2014,24.540000915527344,24.760000228881836,746700,25.139999389648438,24.8700008392334,24.8700008392334
08-07-2014,23.270000457763672,24.850000381469727,2093800,24.8700008392334,24.299999237060547,24.299999237060547
09-07-2014,23.719999313354492,24.3700008392334,1002800,24.3799991607666,24.010000228881836,24.010000228881836
10-07-2014,23.309999465942383,23.350000381469727,906200,24.43000030517578,24.329999923706055,24.329999923706055
11-07-2014,23.889999389648438,24.219999313354492,475900,24.56999969482422,24.40999984741211,24.40999984741211
14-07-2014,24.200000762939453,24.399999618530273,683500,25.079999923706055,24.610000610351562,24.610000610351562
15-07-2014,23.329999923706055,24.18000030517578,1262700,24.389999389648438,23.3799991607666,23.3799991607666
16-07-2014,23.31999969482422,23.5,1112800,24.059999465942383,23.969999313354492,23.969999313354492
17-07-2014,23.579999923706055,23.780000686645508,881000,24.309999465942383,23.739999771118164,23.739999771118164
18-07-2014,23.729999542236328,23.920000076293945,785600,24.579999923706055,24.520000457763672,24.520000457763672
21-07-2014,24.079999923706055,24.420000076293945,511800,24.920000076293945,24.739999771118164,24.739999771118164
22-07-2014,24.270000457763672,24.920000076293945,460200,25.010000228881836,24.3700008392334,24.3700008392334
23-07-2014,23.649999618530273,24.329999923706055,395200,24.5,23.719999313354492,23.719999313354492
24-07-2014,23.65999984741211,23.739999771118164,322000,24.5,24.3799991607666,24.3799991607666
25-07-2014,23.56999969482422,24.229999542236328,511000,24.280000686645508,23.59000015258789,23.59000015258789
28-07-2014,23.18000030517578,23.600000381469727,320100,23.84000015258789,23.56999969482422,23.56999969482422
29-07-2014,23.420000076293945,23.639999389648438,214500,23.969999313354492,23.690000534057617,23.690000534057617
30-07-2014,23.709999084472656,23.709999084472656,579500,24.6299991607666,24.100000381469727,24.100000381469727
31-07-2014,23.450000762939453,23.719999313354492,443200,23.93000030517578,23.799999237060547,23.799999237060547
01-08-2014,22.209999084472656,23.520000457763672,612400,23.68000030517578,22.5,22.5
04-08-2014,22.040000915527344,22.25,471600,23.31999969482422,23.229999542236328,23.229999542236328
05-08-2014,22.709999084472656,23.1200008392334,611700,23.59000015258789,23.34000015258789,23.34000015258789
06-08-2014,22.6299991607666,23.0,977700,23.299999237060547,22.649999618530273,22.649999618530273
07-08-2014,22.59000015258789,22.75,436200,22.899999618530273,22.59000015258789,22.59000015258789
08-08-2014,22.18000030517578,22.450000762939453,445300,22.59000015258789,22.18000030517578,22.18000030517578
11-08-2014,22.190000534057617,22.229999542236328,760800,23.200000762939453,22.979999542236328,22.979999542236328
12-08-2014,22.579999923706055,22.899999618530273,364800,23.06999969482422,22.84000015258789,22.84000015258789
13-08-2014,22.649999618530273,22.850000381469727,402500,23.0,22.850000381469727,22.850000381469727
14-08-2014,22.579999923706055,22.780000686645508,406000,23.040000915527344,22.860000610351562,22.860000610351562
15-08-2014,21.84000015258789,22.850000381469727,613200,22.889999389648438,22.06999969482422,22.06999969482422
18-08-2014,22.219999313354492,22.260000228881836,348800,22.6200008392334,22.579999923706055,22.579999923706055
19-08-2014,21.889999389648438,22.549999237060547,670200,22.809999465942383,22.1299991607666,22.1299991607666
20-08-2014,21.56999969482422,21.90999984741211,665700,22.100000381469727,21.920000076293945,21.920000076293945
21-08-2014,21.670000076293945,21.940000534057617,950600,22.729999542236328,22.649999618530273,22.649999618530273
22-08-2014,22.350000381469727,22.610000610351562,1229600,24.479999542236328,24.420000076293945,24.420000076293945
25-08-2014,24.1200008392334,24.469999313354492,786400,24.799999237060547,24.600000381469727,24.600000381469727
26-08-2014,24.270000457763672,24.719999313354492,740500,25.15999984741211,24.940000534057617,24.940000534057617
27-08-2014,24.8700008392334,24.93000030517578,1052900,25.540000915527344,25.209999084472656,25.209999084472656
28-08-2014,24.5,25.190000534057617,1590500,25.229999542236328,24.959999084472656,24.959999084472656
29-08-2014,27.030000686645508,27.040000915527344,7550400,30.0,29.969999313354492,29.969999313354492
02-09-2014,28.3700008392334,29.520000457763672,2833600,29.889999389648438,29.459999084472656,29.459999084472656
03-09-2014,28.40999984741211,29.5,1657700,29.56999969482422,28.850000381469727,28.850000381469727
04-09-2014,29.020000457763672,29.06999969482422,2498600,31.65999984741211,30.15999984741211,30.15999984741211
05-09-2014,28.719999313354492,30.389999389648438,1416900,30.670000076293945,29.729999542236328,29.729999542236328
08-09-2014,29.559999465942383,29.6299991607666,1241300,30.18000030517578,29.850000381469727,29.850000381469727
09-09-2014,29.309999465942383,29.959999084472656,990300,30.049999237060547,29.5,29.5
10-09-2014,29.170000076293945,29.540000915527344,1365300,30.81999969482422,30.709999084472656,30.709999084472656
11-09-2014,30.280000686645508,30.43000030517578,1305700,31.5,31.15999984741211,31.15999984741211
12-09-2014,30.649999618530273,31.15999984741211,1226600,31.68000030517578,31.559999465942383,31.559999465942383
15-09-2014,30.040000915527344,31.25,1341700,31.56999969482422,30.229999542236328,30.229999542236328
16-09-2014,28.90999984741211,29.56999969482422,1198800,30.0,29.610000610351562,29.610000610351562
17-09-2014,28.959999084472656,29.59000015258789,710800,29.920000076293945,29.18000030517578,29.18000030517578
18-09-2014,29.15999984741211,29.690000534057617,762200,29.940000534057617,29.34000015258789,29.34000015258789
19-09-2014,28.670000076293945,29.6299991607666,1463000,29.829999923706055,28.979999542236328,28.979999542236328
22-09-2014,28.190000534057617,29.0,1414600,29.309999465942383,29.049999237060547,29.049999237060547
23-09-2014,28.780000686645508,28.940000534057617,1131400,29.6299991607666,29.190000534057617,29.190000534057617
24-09-2014,28.520000457763672,29.200000762939453,829500,29.479999542236328,28.829999923706055,28.829999923706055
25-09-2014,28.219999313354492,29.219999313354492,834500,29.479999542236328,28.639999389648438,28.639999389648438
26-09-2014,28.06999969482422,28.559999465942383,632800,28.989999771118164,28.739999771118164,28.739999771118164
29-09-2014,28.5,28.530000686645508,938500,29.09000015258789,28.889999389648438,28.889999389648438
30-09-2014,28.049999237060547,28.889999389648438,756100,29.229999542236328,28.170000076293945,28.170000076293945
01-10-2014,27.030000686645508,28.1299991607666,982900,28.170000076293945,27.420000076293945,27.420000076293945
02-10-2014,25.729999542236328,27.100000381469727,1968800,27.40999984741211,27.049999237060547,27.049999237060547
03-10-2014,26.68000030517578,27.420000076293945,1086200,27.6200008392334,27.469999313354492,27.469999313354492
06-10-2014,26.299999237060547,27.610000610351562,619800,27.81999969482422,26.360000610351562,26.360000610351562
07-10-2014,25.559999465942383,26.270000457763672,542400,26.5,25.719999313354492,25.719999313354492
08-10-2014,25.540000915527344,25.860000610351562,751800,26.540000915527344,26.0,26.0
09-10-2014,25.15999984741211,26.31999969482422,807500,26.40999984741211,25.469999313354492,25.469999313354492
10-10-2014,24.459999084472656,25.450000762939453,932600,25.969999313354492,25.350000381469727,25.350000381469727
13-10-2014,24.90999984741211,25.3700008392334,784900,26.139999389648438,25.450000762939453,25.450000762939453
14-10-2014,25.18000030517578,25.3700008392334,721400,26.3700008392334,25.770000457763672,25.770000457763672
15-10-2014,24.75,25.0,794000,26.899999618530273,26.600000381469727,26.600000381469727
16-10-2014,25.979999542236328,26.100000381469727,994800,28.0,27.81999969482422,27.81999969482422
17-10-2014,27.239999771118164,28.15999984741211,1753200,28.290000915527344,28.100000381469727,28.100000381469727
20-10-2014,27.899999618530273,28.100000381469727,912100,28.829999923706055,28.309999465942383,28.309999465942383
21-10-2014,28.229999542236328,28.459999084472656,698800,28.649999618530273,28.530000686645508,28.530000686645508
22-10-2014,27.360000610351562,28.549999237060547,454100,28.700000762939453,27.75,27.75
23-10-2014,27.799999237060547,27.989999771118164,423500,28.540000915527344,27.989999771118164,27.989999771118164
24-10-2014,27.440000534057617,28.0,361100,28.09000015258789,28.020000457763672,28.020000457763672
27-10-2014,27.299999237060547,27.719999313354492,486200,28.920000076293945,28.829999923706055,28.829999923706055
28-10-2014,28.149999618530273,28.8700008392334,592800,29.3799991607666,28.950000762939453,28.950000762939453
29-10-2014,28.020000457763672,28.950000762939453,332200,28.959999084472656,28.209999084472656,28.209999084472656
30-10-2014,27.809999465942383,28.209999084472656,366700,28.850000381469727,28.790000915527344,28.790000915527344
31-10-2014,29.510000228881836,29.799999237060547,1519800,30.68000030517578,29.780000686645508,29.780000686645508
03-11-2014,28.6200008392334,29.780000686645508,813600,29.899999618530273,28.709999084472656,28.709999084472656
04-11-2014,28.1299991607666,28.450000762939453,591100,28.65999984741211,28.3700008392334,28.3700008392334
05-11-2014,27.90999984741211,28.510000228881836,508300,28.780000686645508,28.059999465942383,28.059999465942383
06-11-2014,27.40999984741211,27.84000015258789,493600,28.0,27.739999771118164,27.739999771118164
07-11-2014,27.610000610351562,27.889999389648438,534400,28.790000915527344,28.43000030517578,28.43000030517578
10-11-2014,28.329999923706055,28.43000030517578,446700,29.049999237060547,28.670000076293945,28.670000076293945
11-11-2014,28.299999237060547,28.649999618530273,380500,28.950000762939453,28.549999237060547,28.549999237060547
12-11-2014,28.5,28.5,369100,29.280000686645508,28.780000686645508,28.780000686645508
13-11-2014,28.040000915527344,28.860000610351562,376500,28.969999313354492,28.3799991607666,28.3799991607666
14-11-2014,27.639999389648438,28.25,578900,28.350000381469727,28.0,28.0
17-11-2014,27.229999542236328,27.799999237060547,600600,28.0,27.56999969482422,27.56999969482422
18-11-2014,27.6200008392334,27.6200008392334,799200,28.6200008392334,28.209999084472656,28.209999084472656
19-11-2014,27.25,28.25,675400,28.329999923706055,27.350000381469727,27.350000381469727
20-11-2014,27.15999984741211,27.420000076293945,375700,28.190000534057617,27.829999923706055,27.829999923706055
21-11-2014,27.90999984741211,28.239999771118164,497200,28.43000030517578,28.0,28.0
24-11-2014,28.010000228881836,28.260000228881836,632600,28.770000457763672,28.700000762939453,28.700000762939453
25-11-2014,28.309999465942383,28.850000381469727,1488800,29.399999618530273,28.84000015258789,28.84000015258789
26-11-2014,30.059999465942383,31.469999313354492,4608000,32.540000915527344,32.380001068115234,32.380001068115234
28-11-2014,31.829999923706055,33.029998779296875,1252400,33.65999984741211,32.849998474121094,32.849998474121094
01-12-2014,30.770000457763672,32.70000076293945,1821100,32.79999923706055,31.15999984741211,31.15999984741211
02-12-2014,30.3799991607666,31.030000686645508,1003200,31.510000228881836,31.420000076293945,31.420000076293945
03-12-2014,29.799999237060547,31.0,1932000,31.049999237060547,30.25,30.25
04-12-2014,30.3799991607666,30.68000030517578,2631700,31.600000381469727,31.520000457763672,31.520000457763672
05-12-2014,30.770000457763672,31.520000457763672,1813800,31.639999389648438,30.969999313354492,30.969999313354492
08-12-2014,30.420000076293945,30.920000076293945,618900,31.3799991607666,30.540000915527344,30.540000915527344
09-12-2014,29.6299991607666,30.139999389648438,759600,31.0,30.729999542236328,30.729999542236328
10-12-2014,28.760000228881836,30.520000457763672,852800,30.979999542236328,28.8799991607666,28.8799991607666
11-12-2014,28.649999618530273,28.969999313354492,980400,30.1200008392334,28.68000030517578,28.68000030517578
12-12-2014,28.40999984741211,28.5,644100,29.18000030517578,28.59000015258789,28.59000015258789
15-12-2014,26.399999618530273,28.65999984741211,2028000,28.979999542236328,26.81999969482422,26.81999969482422
16-12-2014,26.0,26.709999084472656,1331000,26.979999542236328,26.18000030517578,26.18000030517578
17-12-2014,25.520000457763672,26.299999237060547,1385100,26.93000030517578,26.860000610351562,26.860000610351562
18-12-2014,26.920000076293945,27.15999984741211,1127500,28.030000686645508,28.020000457763672,28.020000457763672
19-12-2014,27.68000030517578,28.280000686645508,1912600,29.170000076293945,27.690000534057617,27.690000534057617
22-12-2014,27.15999984741211,27.639999389648438,678000,27.989999771118164,27.700000762939453,27.700000762939453
23-12-2014,26.309999465942383,27.790000915527344,1073500,27.829999923706055,26.6299991607666,26.6299991607666
24-12-2014,26.709999084472656,26.739999771118164,373800,27.06999969482422,26.8799991607666,26.8799991607666
26-12-2014,26.389999389648438,26.889999389648438,687800,27.15999984741211,26.780000686645508,26.780000686645508
29-12-2014,26.479999542236328,26.8799991607666,643500,27.100000381469727,26.700000762939453,26.700000762939453
30-12-2014,25.84000015258789,26.690000534057617,762000,26.809999465942383,26.139999389648438,26.139999389648438
31-12-2014,26.0,26.1299991607666,829000,26.579999923706055,26.40999984741211,26.40999984741211
02-01-2015,25.90999984741211,26.610000610351562,688500,26.68000030517578,26.229999542236328,26.229999542236328
05-01-2015,25.899999618530273,25.959999084472656,650200,26.780000686645508,26.229999542236328,26.229999542236328
06-01-2015,26.059999465942383,26.239999771118164,947100,27.350000381469727,27.1200008392334,27.1200008392334
07-01-2015,26.579999923706055,27.3700008392334,825300,27.68000030517578,27.170000076293945,27.170000076293945
08-01-2015,27.59000015258789,28.520000457763672,1304100,29.170000076293945,28.389999389648438,28.389999389648438
09-01-2015,28.139999389648438,28.790000915527344,781400,28.899999618530273,28.790000915527344,28.790000915527344
12-01-2015,28.559999465942383,28.920000076293945,776700,29.219999313354492,29.1200008392334,29.1200008392334
13-01-2015,28.18000030517578,29.399999618530273,1186200,29.540000915527344,29.09000015258789,29.09000015258789
14-01-2015,28.18000030517578,28.719999313354492,625200,28.93000030517578,28.719999313354492,28.719999313354492
15-01-2015,27.75,28.520000457763672,816300,28.700000762939453,28.09000015258789,28.09000015258789
16-01-2015,27.760000228881836,28.020000457763672,944000,28.690000534057617,28.06999969482422,28.06999969482422
20-01-2015,27.299999237060547,28.25,499600,28.40999984741211,28.0,28.0
21-01-2015,27.90999984741211,28.0,683700,28.59000015258789,28.479999542236328,28.479999542236328
22-01-2015,28.149999618530273,28.75,509200,28.799999237060547,28.510000228881836,28.510000228881836
23-01-2015,28.520000457763672,28.520000457763672,464900,29.389999389648438,29.299999237060547,29.299999237060547
26-01-2015,29.329999923706055,29.350000381469727,960900,30.5,29.84000015258789,29.84000015258789
27-01-2015,28.920000076293945,29.489999771118164,424300,29.670000076293945,29.3700008392334,29.3700008392334
28-01-2015,28.790000915527344,29.6200008392334,527000,30.25,28.979999542236328,28.979999542236328
29-01-2015,28.350000381469727,28.969999313354492,415700,29.219999313354492,29.1299991607666,29.1299991607666
30-01-2015,28.610000610351562,28.920000076293945,475200,29.469999313354492,28.760000228881836,28.760000228881836
02-02-2015,28.1200008392334,28.75,508700,28.84000015258789,28.549999237060547,28.549999237060547
03-02-2015,28.25,28.540000915527344,475600,29.56999969482422,29.469999313354492,29.469999313354492
04-02-2015,29.31999969482422,29.450000762939453,759100,30.3799991607666,30.0,30.0
05-02-2015,29.43000030517578,30.479999542236328,913900,30.969999313354492,30.079999923706055,30.079999923706055
06-02-2015,29.5,30.0,713500,30.399999618530273,30.15999984741211,30.15999984741211
09-02-2015,29.670000076293945,30.149999618530273,729600,30.479999542236328,29.799999237060547,29.799999237060547
10-02-2015,29.899999618530273,29.899999618530273,649600,30.469999313354492,30.049999237060547,30.049999237060547
11-02-2015,29.8700008392334,30.059999465942383,567100,30.350000381469727,29.90999984741211,29.90999984741211
12-02-2015,29.610000610351562,30.0,499700,30.170000076293945,29.950000762939453,29.950000762939453
13-02-2015,29.809999465942383,30.110000610351562,812600,30.5,30.1200008392334,30.1200008392334
17-02-2015,29.600000381469727,30.1200008392334,565600,30.25,29.899999618530273,29.899999618530273
18-02-2015,30.040000915527344,30.280000686645508,2532800,31.780000686645508,31.0,31.0
19-02-2015,30.540000915527344,31.190000534057617,874200,31.549999237060547,30.850000381469727,30.850000381469727
20-02-2015,30.520000457763672,30.93000030517578,545800,31.049999237060547,30.579999923706055,30.579999923706055
23-02-2015,29.059999465942383,30.489999771118164,1166700,30.549999237060547,29.989999771118164,29.989999771118164
24-02-2015,29.59000015258789,30.0,959700,30.100000381469727,29.93000030517578,29.93000030517578
25-02-2015,29.8700008392334,29.8799991607666,479300,30.579999923706055,30.299999237060547,30.299999237060547
26-02-2015,30.34000015258789,30.75,1118300,31.639999389648438,31.459999084472656,31.459999084472656
27-02-2015,30.520000457763672,31.459999084472656,563700,31.540000915527344,30.8700008392334,30.8700008392334
02-03-2015,30.6200008392334,30.8700008392334,878000,31.350000381469727,30.989999771118164,30.989999771118164
03-03-2015,30.760000228881836,30.889999389648438,4002200,33.099998474121094,32.689998626708984,32.689998626708984
04-03-2015,24.420000076293945,27.700000762939453,19427400,27.75,25.719999313354492,25.719999313354492
05-03-2015,24.709999084472656,25.899999618530273,5838100,25.899999618530273,24.729999542236328,24.729999542236328
06-03-2015,24.420000076293945,24.709999084472656,3501700,25.25,24.6299991607666,24.6299991607666
09-03-2015,24.420000076293945,24.559999465942383,2319700,24.979999542236328,24.809999465942383,24.809999465942383
10-03-2015,23.81999969482422,24.520000457763672,2010400,24.700000762939453,24.260000228881836,24.260000228881836
11-03-2015,23.8700008392334,24.25,1170200,24.479999542236328,24.399999618530273,24.399999618530273
12-03-2015,24.280000686645508,24.389999389648438,1268900,25.440000534057617,24.959999084472656,24.959999084472656
13-03-2015,24.75,24.959999084472656,965700,25.399999618530273,24.860000610351562,24.860000610351562
16-03-2015,24.729999542236328,24.959999084472656,765700,25.100000381469727,24.93000030517578,24.93000030517578
17-03-2015,25.690000534057617,25.899999618530273,3465100,28.0,27.729999542236328,27.729999542236328
18-03-2015,27.0,27.520000457763672,1493700,27.780000686645508,27.479999542236328,27.479999542236328
19-03-2015,27.270000457763672,27.889999389648438,1161900,28.049999237060547,27.93000030517578,27.93000030517578
20-03-2015,27.25,27.799999237060547,1786500,28.0,27.280000686645508,27.280000686645508
23-03-2015,26.209999084472656,27.270000457763672,1286000,27.309999465942383,26.3700008392334,26.3700008392334
24-03-2015,26.079999923706055,26.3700008392334,962800,27.290000915527344,27.239999771118164,27.239999771118164
25-03-2015,25.549999237060547,27.229999542236328,1300300,27.280000686645508,25.700000762939453,25.700000762939453
26-03-2015,25.209999084472656,25.549999237060547,865000,25.8799991607666,25.350000381469727,25.350000381469727
27-03-2015,25.010000228881836,25.239999771118164,572800,25.6299991607666,25.459999084472656,25.459999084472656
30-03-2015,25.040000915527344,25.700000762939453,547900,25.700000762939453,25.440000534057617,25.440000534057617
31-03-2015,24.940000534057617,25.229999542236328,769800,25.739999771118164,25.530000686645508,25.530000686645508
01-04-2015,24.600000381469727,25.520000457763672,961400,25.8700008392334,25.0,25.0
02-04-2015,24.389999389648438,24.889999389648438,1385800,25.200000762939453,25.149999618530273,25.149999618530273
06-04-2015,24.770000457763672,25.049999237060547,1069700,25.739999771118164,25.68000030517578,25.68000030517578
07-04-2015,25.290000915527344,25.670000076293945,1251600,26.3799991607666,26.06999969482422,26.06999969482422
08-04-2015,25.860000610351562,26.049999237060547,1025500,26.829999923706055,26.540000915527344,26.540000915527344
09-04-2015,26.299999237060547,26.469999313354492,1199700,26.739999771118164,26.639999389648438,26.639999389648438
10-04-2015,26.5,26.68000030517578,585700,26.850000381469727,26.690000534057617,26.690000534057617
13-04-2015,26.389999389648438,26.530000686645508,972200,27.059999465942383,26.579999923706055,26.579999923706055
14-04-2015,25.510000228881836,26.489999771118164,699400,26.5,26.209999084472656,26.209999084472656
15-04-2015,26.200000762939453,26.290000915527344,1028100,27.18000030517578,27.020000457763672,27.020000457763672
16-04-2015,26.8700008392334,26.920000076293945,500100,27.270000457763672,27.18000030517578,27.18000030517578
17-04-2015,26.209999084472656,26.84000015258789,807400,26.860000610351562,26.420000076293945,26.420000076293945
20-04-2015,26.25,26.420000076293945,480800,26.889999389648438,26.75,26.75
21-04-2015,26.459999084472656,26.920000076293945,660200,27.049999237060547,26.84000015258789,26.84000015258789
22-04-2015,26.540000915527344,26.889999389648438,598700,27.239999771118164,27.1200008392334,27.1200008392334
23-04-2015,26.889999389648438,27.0,827400,27.530000686645508,27.40999984741211,27.40999984741211
24-04-2015,27.06999969482422,27.399999618530273,726900,27.6299991607666,27.170000076293945,27.170000076293945
27-04-2015,26.65999984741211,27.1299991607666,552300,27.729999542236328,26.790000915527344,26.790000915527344
28-04-2015,26.440000534057617,26.6299991607666,895400,27.3700008392334,27.260000228881836,27.260000228881836
29-04-2015,26.530000686645508,27.030000686645508,650200,27.559999465942383,27.139999389648438,27.139999389648438
30-04-2015,26.399999618530273,27.059999465942383,763100,27.219999313354492,26.549999237060547,26.549999237060547
01-05-2015,26.549999237060547,26.549999237060547,501700,27.200000762939453,26.989999771118164,26.989999771118164
04-05-2015,27.079999923706055,27.09000015258789,480700,27.6299991607666,27.270000457763672,27.270000457763672
05-05-2015,26.40999984741211,27.09000015258789,711000,27.350000381469727,26.459999084472656,26.459999084472656
06-05-2015,26.579999923706055,26.579999923706055,780800,27.18000030517578,27.1299991607666,27.1299991607666
07-05-2015,26.790000915527344,27.149999618530273,429400,27.15999984741211,27.0,27.0
08-05-2015,27.079999923706055,27.079999923706055,439400,27.5,27.229999542236328,27.229999542236328
11-05-2015,27.209999084472656,27.209999084472656,492600,27.780000686645508,27.530000686645508,27.530000686645508
12-05-2015,26.600000381469727,27.15999984741211,489700,27.34000015258789,27.040000915527344,27.040000915527344
13-05-2015,26.799999237060547,27.079999923706055,465800,27.25,26.90999984741211,26.90999984741211
14-05-2015,26.8700008392334,27.200000762939453,483900,27.510000228881836,27.510000228881836,27.510000228881836
15-05-2015,27.049999237060547,27.3799991607666,351800,27.469999313354492,27.200000762939453,27.200000762939453
18-05-2015,27.06999969482422,27.06999969482422,975900,27.989999771118164,27.969999313354492,27.969999313354492
19-05-2015,27.350000381469727,28.0,664200,28.0,27.389999389648438,27.389999389648438
20-05-2015,27.309999465942383,27.489999771118164,464300,27.93000030517578,27.760000228881836,27.760000228881836
21-05-2015,27.549999237060547,27.829999923706055,715300,28.0,27.940000534057617,27.940000534057617
22-05-2015,27.760000228881836,27.950000762939453,611400,28.270000457763672,27.899999618530273,27.899999618530273
26-05-2015,27.829999923706055,27.860000610351562,1053300,28.889999389648438,28.56999969482422,28.56999969482422
27-05-2015,27.700000762939453,28.3799991607666,1258500,28.75,27.790000915527344,27.790000915527344
28-05-2015,27.469999313354492,27.90999984741211,2822600,29.09000015258789,29.0,29.0
29-05-2015,26.479999542236328,27.030000686645508,5001200,28.0,27.1200008392334,27.1200008392334
01-06-2015,26.020000457763672,27.329999923706055,2662300,27.329999923706055,26.420000076293945,26.420000076293945
02-06-2015,26.25,26.3700008392334,1176200,27.280000686645508,26.969999313354492,26.969999313354492
03-06-2015,26.899999618530273,27.06999969482422,1140900,27.780000686645508,27.729999542236328,27.729999542236328
04-06-2015,27.309999465942383,27.559999465942383,1035300,27.920000076293945,27.440000534057617,27.440000534057617
05-06-2015,26.84000015258789,27.3799991607666,763300,27.739999771118164,27.6200008392334,27.6200008392334
08-06-2015,26.639999389648438,27.600000381469727,678700,27.829999923706055,26.989999771118164,26.989999771118164
09-06-2015,26.25,27.030000686645508,753100,27.030000686645508,26.309999465942383,26.309999465942383
10-06-2015,26.149999618530273,26.389999389648438,963000,26.6200008392334,26.40999984741211,26.40999984741211
11-06-2015,26.40999984741211,26.489999771118164,965900,27.3700008392334,27.260000228881836,27.260000228881836
12-06-2015,26.579999923706055,27.200000762939453,1070200,27.549999237060547,26.610000610351562,26.610000610351562
15-06-2015,26.239999771118164,26.299999237060547,788100,27.350000381469727,27.06999969482422,27.06999969482422
16-06-2015,26.6299991607666,26.84000015258789,948400,27.010000228881836,26.690000534057617,26.690000534057617
17-06-2015,26.520000457763672,26.6200008392334,1133100,27.290000915527344,27.139999389648438,27.139999389648438
18-06-2015,27.040000915527344,27.290000915527344,816000,27.59000015258789,27.299999237060547,27.299999237060547
19-06-2015,26.84000015258789,27.229999542236328,1038900,27.31999969482422,26.860000610351562,26.860000610351562
22-06-2015,26.729999542236328,27.010000228881836,823700,27.350000381469727,27.329999923706055,27.329999923706055
23-06-2015,27.049999237060547,27.219999313354492,1955100,28.469999313354492,28.329999923706055,28.329999923706055
24-06-2015,27.760000228881836,28.350000381469727,1127600,28.360000610351562,27.940000534057617,27.940000534057617
25-06-2015,27.899999618530273,28.010000228881836,900900,28.25,28.149999618530273,28.149999618530273
26-06-2015,27.979999542236328,28.229999542236328,3192300,28.920000076293945,28.5,28.5
29-06-2015,27.799999237060547,27.950000762939453,1069400,28.31999969482422,28.0,28.0
30-06-2015,27.399999618530273,28.100000381469727,1606800,28.110000610351562,28.030000686645508,28.030000686645508
01-07-2015,27.850000381469727,28.149999618530273,922000,28.31999969482422,28.260000228881836,28.260000228881836
02-07-2015,27.979999542236328,28.350000381469727,1039100,28.850000381469727,28.09000015258789,28.09000015258789
06-07-2015,27.729999542236328,27.93000030517578,2647600,28.440000534057617,27.920000076293945,27.920000076293945
07-07-2015,27.65999984741211,27.65999984741211,2071900,28.649999618530273,28.3799991607666,28.3799991607666
08-07-2015,27.709999084472656,28.149999618530273,971900,28.329999923706055,27.850000381469727,27.850000381469727
09-07-2015,27.93000030517578,28.030000686645508,875200,28.170000076293945,27.989999771118164,27.989999771118164
10-07-2015,27.989999771118164,28.280000686645508,737100,28.34000015258789,28.100000381469727,28.100000381469727
13-07-2015,27.780000686645508,28.299999237060547,1312700,28.350000381469727,28.31999969482422,28.31999969482422
14-07-2015,28.209999084472656,28.350000381469727,883900,28.959999084472656,28.920000076293945,28.920000076293945
15-07-2015,28.68000030517578,29.0,723600,29.190000534057617,28.75,28.75
16-07-2015,28.40999984741211,28.950000762939453,514800,28.979999542236328,28.780000686645508,28.780000686645508
17-07-2015,28.0,28.75,671300,28.75,28.239999771118164,28.239999771118164
20-07-2015,27.809999465942383,28.25,1257500,28.34000015258789,27.850000381469727,27.850000381469727
21-07-2015,27.010000228881836,27.760000228881836,1010700,27.850000381469727,27.510000228881836,27.510000228881836
22-07-2015,27.18000030517578,27.34000015258789,703400,27.670000076293945,27.290000915527344,27.290000915527344
23-07-2015,27.329999923706055,27.450000762939453,729200,27.989999771118164,27.709999084472656,27.709999084472656
24-07-2015,27.450000762939453,27.59000015258789,660600,28.049999237060547,27.540000915527344,27.540000915527344
27-07-2015,26.809999465942383,27.219999313354492,762200,27.34000015258789,26.93000030517578,26.93000030517578
28-07-2015,26.59000015258789,27.010000228881836,674200,27.139999389648438,27.100000381469727,27.100000381469727
29-07-2015,26.739999771118164,27.1200008392334,582500,27.31999969482422,27.030000686645508,27.030000686645508
30-07-2015,26.610000610351562,26.93000030517578,514100,26.93000030517578,26.700000762939453,26.700000762939453
31-07-2015,26.59000015258789,26.739999771118164,681300,27.260000228881836,26.920000076293945,26.920000076293945
03-08-2015,26.030000686645508,26.850000381469727,679100,26.8700008392334,26.290000915527344,26.290000915527344
04-08-2015,25.950000762939453,26.290000915527344,604100,26.459999084472656,26.06999969482422,26.06999969482422
05-08-2015,26.1200008392334,26.1299991607666,801000,26.65999984741211,26.40999984741211,26.40999984741211
06-08-2015,25.190000534057617,26.40999984741211,746100,26.440000534057617,25.450000762939453,25.450000762939453
07-08-2015,25.18000030517578,25.510000228881836,640000,25.81999969482422,25.6299991607666,25.6299991607666
10-08-2015,25.610000610351562,25.6299991607666,483100,26.1299991607666,26.06999969482422,26.06999969482422
11-08-2015,25.329999923706055,25.84000015258789,351200,26.010000228881836,25.520000457763672,25.520000457763672
12-08-2015,24.790000915527344,25.280000686645508,663700,25.389999389648438,25.170000076293945,25.170000076293945
13-08-2015,24.940000534057617,25.229999542236328,454800,25.510000228881836,25.15999984741211,25.15999984741211
14-08-2015,24.90999984741211,25.059999465942383,536000,25.350000381469727,25.229999542236328,25.229999542236328
17-08-2015,25.040000915527344,25.139999389648438,485800,25.809999465942383,25.489999771118164,25.489999771118164
18-08-2015,25.229999542236328,25.540000915527344,448300,25.690000534057617,25.350000381469727,25.350000381469727
19-08-2015,25.200000762939453,25.299999237060547,810100,25.790000915527344,25.299999237060547,25.299999237060547
20-08-2015,24.40999984741211,24.920000076293945,731000,25.030000686645508,24.489999771118164,24.489999771118164
21-08-2015,23.940000534057617,24.18000030517578,1265300,24.709999084472656,24.25,24.25
24-08-2015,22.110000610351562,22.3700008392334,1491300,23.809999465942383,23.3700008392334,23.3700008392334
25-08-2015,23.040000915527344,23.829999923706055,1254000,24.280000686645508,23.09000015258789,23.09000015258789
26-08-2015,23.18000030517578,23.579999923706055,1158300,23.940000534057617,23.510000228881836,23.510000228881836
27-08-2015,23.799999237060547,23.799999237060547,1442400,24.709999084472656,24.15999984741211,24.15999984741211
28-08-2015,24.0,24.079999923706055,2815700,26.75,26.440000534057617,26.440000534057617
31-08-2015,25.600000381469727,26.290000915527344,1554400,26.290000915527344,25.899999618530273,25.899999618530273
01-09-2015,24.579999923706055,25.1200008392334,1243500,25.43000030517578,24.690000534057617,24.690000534057617
02-09-2015,24.280000686645508,25.0,758700,25.219999313354492,24.75,24.75
03-09-2015,24.520000457763672,24.829999923706055,497500,25.3799991607666,24.610000610351562,24.610000610351562
04-09-2015,24.469999313354492,24.479999542236328,949800,24.979999542236328,24.760000228881836,24.760000228881836
08-09-2015,24.93000030517578,25.489999771118164,810600,25.690000534057617,25.469999313354492,25.469999313354492
09-09-2015,25.1299991607666,25.649999618530273,806700,25.649999618530273,25.25,25.25
10-09-2015,25.200000762939453,25.219999313354492,621300,25.899999618530273,25.479999542236328,25.479999542236328
11-09-2015,25.100000381469727,25.3700008392334,409800,25.6200008392334,25.549999237060547,25.549999237060547
14-09-2015,25.15999984741211,25.15999984741211,537200,25.75,25.610000610351562,25.610000610351562
15-09-2015,25.1200008392334,25.610000610351562,761100,26.239999771118164,26.110000610351562,26.110000610351562
16-09-2015,25.780000686645508,26.100000381469727,553800,26.43000030517578,26.360000610351562,26.360000610351562
17-09-2015,26.18000030517578,26.440000534057617,557600,26.889999389648438,26.510000228881836,26.510000228881836
18-09-2015,26.110000610351562,26.110000610351562,2779400,26.799999237060547,26.510000228881836,26.510000228881836
21-09-2015,26.170000076293945,26.65999984741211,1387400,26.799999237060547,26.530000686645508,26.530000686645508
22-09-2015,25.489999771118164,26.190000534057617,450700,26.389999389648438,25.809999465942383,25.809999465942383
23-09-2015,24.829999923706055,25.799999237060547,1049600,25.959999084472656,25.09000015258789,25.09000015258789
24-09-2015,24.290000915527344,24.920000076293945,711200,24.959999084472656,24.600000381469727,24.600000381469727
25-09-2015,23.93000030517578,24.6200008392334,1163500,24.829999923706055,24.18000030517578,24.18000030517578
28-09-2015,23.170000076293945,24.059999465942383,1151900,24.239999771118164,23.25,23.25
29-09-2015,22.479999542236328,23.25,963600,23.399999618530273,22.829999923706055,22.829999923706055
30-09-2015,22.540000915527344,23.06999969482422,1333200,23.440000534057617,23.40999984741211,23.40999984741211
01-10-2015,22.889999389648438,23.219999313354492,1370500,23.690000534057617,23.399999618530273,23.399999618530273
02-10-2015,22.8700008392334,23.0,1117000,24.200000762939453,24.200000762939453,24.200000762939453
05-10-2015,23.6299991607666,24.219999313354492,2866200,24.700000762939453,24.360000610351562,24.360000610351562
06-10-2015,23.799999237060547,24.309999465942383,1043100,24.56999969482422,24.530000686645508,24.530000686645508
07-10-2015,24.450000762939453,24.639999389648438,897100,25.190000534057617,25.079999923706055,25.079999923706055
08-10-2015,24.610000610351562,25.079999923706055,894200,25.309999465942383,25.219999313354492,25.219999313354492
09-10-2015,24.979999542236328,25.25,675100,25.850000381469727,25.780000686645508,25.780000686645508
12-10-2015,25.020000457763672,25.719999313354492,730800,25.8799991607666,25.3799991607666,25.3799991607666
13-10-2015,24.59000015258789,25.139999389648438,1029000,25.450000762939453,24.690000534057617,24.690000534057617
14-10-2015,24.559999465942383,24.690000534057617,894200,25.1200008392334,24.610000610351562,24.610000610351562
15-10-2015,24.530000686645508,24.6200008392334,569900,25.530000686645508,25.510000228881836,25.510000228881836
16-10-2015,25.280000686645508,25.6200008392334,504100,25.90999984741211,25.90999984741211,25.90999984741211
19-10-2015,25.59000015258789,25.809999465942383,474800,26.399999618530273,26.059999465942383,26.059999465942383
20-10-2015,25.520000457763672,26.010000228881836,559100,26.010000228881836,25.75,25.75
21-10-2015,24.709999084472656,25.799999237060547,606500,26.0,24.93000030517578,24.93000030517578
22-10-2015,23.969999313354492,24.920000076293945,953000,24.959999084472656,24.3799991607666,24.3799991607666
23-10-2015,24.389999389648438,24.6299991607666,598300,25.5,25.280000686645508,25.280000686645508
26-10-2015,24.899999618530273,25.239999771118164,341600,25.459999084472656,25.209999084472656,25.209999084472656
27-10-2015,24.8700008392334,25.139999389648438,571900,25.540000915527344,25.190000534057617,25.190000534057617
28-10-2015,24.959999084472656,25.229999542236328,722900,25.979999542236328,25.979999542236328,25.979999542236328
29-10-2015,25.280000686645508,25.899999618530273,691500,26.350000381469727,25.309999465942383,25.309999465942383
30-10-2015,24.989999771118164,25.170000076293945,729800,25.540000915527344,25.3700008392334,25.3700008392334
02-11-2015,25.350000381469727,25.420000076293945,857200,26.010000228881836,25.770000457763672,25.770000457763672
03-11-2015,25.6299991607666,25.670000076293945,913000,26.399999618530273,26.270000457763672,26.270000457763672
04-11-2015,26.049999237060547,26.31999969482422,736700,26.600000381469727,26.350000381469727,26.350000381469727
05-11-2015,26.049999237060547,26.299999237060547,443300,26.610000610351562,26.25,26.25
06-11-2015,26.110000610351562,26.239999771118164,955100,27.18000030517578,27.1200008392334,27.1200008392334
09-11-2015,26.690000534057617,27.059999465942383,638100,27.200000762939453,27.049999237060547,27.049999237060547
10-11-2015,26.389999389648438,26.90999984741211,689500,26.90999984741211,26.760000228881836,26.760000228881836
11-11-2015,26.540000915527344,26.780000686645508,381100,26.969999313354492,26.6299991607666,26.6299991607666
12-11-2015,26.149999618530273,26.34000015258789,383200,26.959999084472656,26.549999237060547,26.549999237060547
13-11-2015,26.139999389648438,26.510000228881836,443500,26.850000381469727,26.579999923706055,26.579999923706055
16-11-2015,26.420000076293945,26.540000915527344,611600,27.020000457763672,27.0,27.0
17-11-2015,26.790000915527344,27.0,696100,27.520000457763672,27.459999084472656,27.459999084472656
18-11-2015,27.139999389648438,27.459999084472656,837100,27.649999618530273,27.6200008392334,27.6200008392334
19-11-2015,27.100000381469727,27.6200008392334,732800,27.68000030517578,27.260000228881836,27.260000228881836
20-11-2015,27.100000381469727,27.350000381469727,525400,27.5,27.280000686645508,27.280000686645508
23-11-2015,26.579999923706055,27.270000457763672,1208000,27.31999969482422,27.219999313354492,27.219999313354492
24-11-2015,26.969999313354492,27.149999618530273,1280800,27.440000534057617,27.360000610351562,27.360000610351562
25-11-2015,27.049999237060547,27.84000015258789,3798100,29.219999313354492,28.729999542236328,28.729999542236328
27-11-2015,28.34000015258789,28.719999313354492,664800,28.979999542236328,28.790000915527344,28.790000915527344
30-11-2015,28.770000457763672,29.030000686645508,1646800,29.34000015258789,28.860000610351562,28.860000610351562
01-12-2015,27.1200008392334,28.25,2628600,28.350000381469727,27.760000228881836,27.760000228881836
02-12-2015,27.440000534057617,27.700000762939453,1662800,28.399999618530273,28.239999771118164,28.239999771118164
03-12-2015,27.059999465942383,28.3700008392334,674300,28.440000534057617,27.239999771118164,27.239999771118164
04-12-2015,26.93000030517578,27.260000228881836,1043400,27.549999237060547,27.5,27.5
07-12-2015,26.989999771118164,27.5,534900,27.510000228881836,27.239999771118164,27.239999771118164
08-12-2015,26.770000457763672,26.989999771118164,598500,27.270000457763672,27.1299991607666,27.1299991607666
09-12-2015,26.649999618530273,27.0,398900,27.280000686645508,26.690000534057617,26.690000534057617
10-12-2015,26.3799991607666,26.65999984741211,555100,27.010000228881836,26.899999618530273,26.899999618530273
11-12-2015,26.059999465942383,26.6200008392334,876900,26.639999389648438,26.260000228881836,26.260000228881836
14-12-2015,26.329999923706055,26.350000381469727,1360300,26.899999618530273,26.719999313354492,26.719999313354492
15-12-2015,26.530000686645508,26.84000015258789,1332300,27.440000534057617,27.3799991607666,27.3799991607666
16-12-2015,27.559999465942383,27.610000610351562,1356700,28.399999618530273,28.25,28.25
17-12-2015,27.8799991607666,28.31999969482422,941400,28.3799991607666,27.8799991607666,27.8799991607666
18-12-2015,27.610000610351562,27.75,1737600,28.219999313354492,27.860000610351562,27.860000610351562
21-12-2015,27.420000076293945,28.0,730400,28.110000610351562,28.020000457763672,28.020000457763672
22-12-2015,27.6299991607666,28.049999237060547,656700,28.290000915527344,28.1200008392334,28.1200008392334
23-12-2015,28.229999542236328,28.229999542236328,1285300,29.1299991607666,28.989999771118164,28.989999771118164
24-12-2015,28.829999923706055,28.899999618530273,307200,29.100000381469727,28.889999389648438,28.889999389648438
28-12-2015,28.579999923706055,28.780000686645508,478900,28.979999542236328,28.729999542236328,28.729999542236328
29-12-2015,28.719999313354492,28.84000015258789,447200,29.0,28.940000534057617,28.940000534057617
30-12-2015,28.760000228881836,29.010000228881836,585800,29.06999969482422,28.950000762939453,28.950000762939453
31-12-2015,28.65999984741211,28.799999237060547,432100,29.020000457763672,28.850000381469727,28.850000381469727
04-01-2016,28.25,28.3700008392334,1418200,29.010000228881836,28.690000534057617,28.690000534057617
05-01-2016,28.700000762939453,28.790000915527344,1588800,29.25,28.989999771118164,28.989999771118164
06-01-2016,27.770000457763672,28.639999389648438,4811700,28.93000030517578,28.100000381469727,28.100000381469727
07-01-2016,26.149999618530273,27.600000381469727,1510900,27.6299991607666,26.290000915527344,26.290000915527344
08-01-2016,25.56999969482422,26.43000030517578,890300,26.540000915527344,25.6299991607666,25.6299991607666
11-01-2016,24.8700008392334,25.93000030517578,1182000,26.100000381469727,25.229999542236328,25.229999542236328
12-01-2016,24.940000534057617,25.56999969482422,884000,25.8799991607666,25.360000610351562,25.360000610351562
13-01-2016,24.329999923706055,25.459999084472656,1038200,26.100000381469727,24.34000015258789,24.34000015258789
14-01-2016,23.43000030517578,24.450000762939453,1438200,25.149999618530273,24.969999313354492,24.969999313354492
15-01-2016,23.399999618530273,24.260000228881836,1401600,24.600000381469727,24.43000030517578,24.43000030517578
19-01-2016,23.739999771118164,24.65999984741211,1211900,25.190000534057617,24.010000228881836,24.010000228881836
20-01-2016,22.770000457763672,23.559999465942383,1465300,24.549999237060547,24.170000076293945,24.170000076293945
21-01-2016,23.959999084472656,24.1299991607666,1893100,25.020000457763672,24.719999313354492,24.719999313354492
22-01-2016,24.940000534057617,25.079999923706055,1031600,26.0,25.40999984741211,25.40999984741211
25-01-2016,24.420000076293945,25.190000534057617,937800,25.329999923706055,24.450000762939453,24.450000762939453
26-01-2016,23.649999618530273,24.530000686645508,1262600,24.530000686645508,24.299999237060547,24.299999237060547
27-01-2016,23.719999313354492,24.299999237060547,688500,24.40999984741211,23.940000534057617,23.940000534057617
28-01-2016,22.8700008392334,23.979999542236328,1119700,24.0,23.059999465942383,23.059999465942383
29-01-2016,23.040000915527344,23.049999237060547,1216900,24.110000610351562,24.100000381469727,24.100000381469727
01-02-2016,23.520000457763672,23.799999237060547,1321300,24.700000762939453,24.350000381469727,24.350000381469727
02-02-2016,23.239999771118164,24.049999237060547,1333000,24.1299991607666,23.329999923706055,23.329999923706055
03-02-2016,22.940000534057617,23.56999969482422,1094100,23.690000534057617,23.5,23.5
04-02-2016,23.260000228881836,23.450000762939453,952900,24.389999389648438,24.25,24.25
05-02-2016,22.049999237060547,24.15999984741211,3617500,24.200000762939453,22.450000762939453,22.450000762939453
08-02-2016,20.200000762939453,21.459999084472656,2272300,21.690000534057617,21.110000610351562,21.110000610351562
09-02-2016,20.540000915527344,20.670000076293945,1644000,22.209999084472656,21.100000381469727,21.100000381469727
10-02-2016,20.739999771118164,21.149999618530273,1525800,21.739999771118164,20.84000015258789,20.84000015258789
11-02-2016,19.969999313354492,20.420000076293945,1566300,20.899999618530273,20.610000610351562,20.610000610351562
12-02-2016,20.40999984741211,20.850000381469727,581900,21.06999969482422,20.81999969482422,20.81999969482422
16-02-2016,20.93000030517578,21.110000610351562,873700,21.799999237060547,21.670000076293945,21.670000076293945
17-02-2016,21.799999237060547,21.799999237060547,769000,22.739999771118164,22.639999389648438,22.639999389648438
18-02-2016,21.770000457763672,22.68000030517578,757400,22.760000228881836,22.1200008392334,22.1200008392334
19-02-2016,21.610000610351562,21.969999313354492,988400,22.399999618530273,22.1299991607666,22.1299991607666
22-02-2016,22.149999618530273,22.309999465942383,863600,22.780000686645508,22.6200008392334,22.6200008392334
23-02-2016,22.079999923706055,22.530000686645508,901200,22.6299991607666,22.290000915527344,22.290000915527344
24-02-2016,21.600000381469727,22.209999084472656,815200,22.709999084472656,22.639999389648438,22.639999389648438
25-02-2016,22.610000610351562,22.979999542236328,732600,23.450000762939453,22.969999313354492,22.969999313354492
26-02-2016,23.010000228881836,23.200000762939453,813100,23.549999237060547,23.360000610351562,23.360000610351562
29-02-2016,23.3700008392334,23.389999389648438,1469200,24.3700008392334,24.290000915527344,24.290000915527344
01-03-2016,24.280000686645508,24.43000030517578,1838300,25.18000030517578,25.079999923706055,25.079999923706055
02-03-2016,24.100000381469727,24.329999923706055,1702900,26.459999084472656,25.760000228881836,25.760000228881836
03-03-2016,25.3799991607666,25.84000015258789,927000,25.84000015258789,25.700000762939453,25.700000762939453
04-03-2016,25.489999771118164,25.799999237060547,1777700,27.360000610351562,26.739999771118164,26.739999771118164
07-03-2016,26.34000015258789,26.5,1148900,27.56999969482422,27.34000015258789,27.34000015258789
08-03-2016,26.56999969482422,27.15999984741211,771600,27.360000610351562,26.6299991607666,26.6299991607666
09-03-2016,26.610000610351562,26.770000457763672,575800,27.030000686645508,26.899999618530273,26.899999618530273
10-03-2016,26.0,26.75,1211800,26.799999237060547,26.110000610351562,26.110000610351562
11-03-2016,26.0,26.329999923706055,1056900,26.860000610351562,26.729999542236328,26.729999542236328
14-03-2016,26.0,26.600000381469727,702800,26.770000457763672,26.639999389648438,26.639999389648438
15-03-2016,25.139999389648438,26.389999389648438,1004100,26.389999389648438,25.270000457763672,25.270000457763672
16-03-2016,24.899999618530273,25.239999771118164,954900,25.690000534057617,25.329999923706055,25.329999923706055
17-03-2016,24.690000534057617,25.360000610351562,644100,25.489999771118164,25.309999465942383,25.309999465942383
18-03-2016,25.170000076293945,25.3799991607666,1107300,25.8799991607666,25.84000015258789,25.84000015258789
21-03-2016,25.420000076293945,25.739999771118164,769500,25.940000534057617,25.540000915527344,25.540000915527344
22-03-2016,25.239999771118164,25.3799991607666,752200,25.850000381469727,25.690000534057617,25.690000534057617
23-03-2016,24.489999771118164,25.690000534057617,868700,25.690000534057617,24.549999237060547,24.549999237060547
24-03-2016,24.06999969482422,24.40999984741211,872900,24.709999084472656,24.709999084472656,24.709999084472656
28-03-2016,23.93000030517578,24.780000686645508,1306600,24.889999389648438,24.190000534057617,24.190000534057617
29-03-2016,23.8799991607666,24.18000030517578,1190700,24.850000381469727,24.84000015258789,24.84000015258789
30-03-2016,24.610000610351562,25.0,1204500,25.3700008392334,24.940000534057617,24.940000534057617
31-03-2016,24.719999313354492,24.989999771118164,1525800,25.170000076293945,25.040000915527344,25.040000915527344
01-04-2016,24.600000381469727,24.850000381469727,1105200,25.139999389648438,24.959999084472656,24.959999084472656
04-04-2016,25.030000686645508,25.040000915527344,1053200,25.549999237060547,25.309999465942383,25.309999465942383
05-04-2016,25.020000457763672,25.079999923706055,1991300,25.479999542236328,25.440000534057617,25.440000534057617
06-04-2016,25.5,25.510000228881836,940200,26.360000610351562,26.170000076293945,26.170000076293945
07-04-2016,25.75,26.049999237060547,818300,26.170000076293945,25.989999771118164,25.989999771118164
08-04-2016,25.260000228881836,26.18000030517578,587400,26.219999313354492,25.510000228881836,25.510000228881836
11-04-2016,25.329999923706055,25.59000015258789,794200,25.899999618530273,25.440000534057617,25.440000534057617
12-04-2016,25.31999969482422,25.40999984741211,803700,25.780000686645508,25.489999771118164,25.489999771118164
13-04-2016,25.610000610351562,25.729999542236328,624200,26.510000228881836,26.389999389648438,26.389999389648438
14-04-2016,26.040000915527344,26.3700008392334,659400,26.3799991607666,26.15999984741211,26.15999984741211
15-04-2016,25.25,26.040000915527344,1659400,26.040000915527344,25.770000457763672,25.770000457763672
18-04-2016,25.399999618530273,25.5,1089900,25.709999084472656,25.700000762939453,25.700000762939453
19-04-2016,25.40999984741211,25.75,1149900,25.84000015258789,25.729999542236328,25.729999542236328
20-04-2016,25.709999084472656,25.739999771118164,1098800,26.09000015258789,26.049999237060547,26.049999237060547
21-04-2016,26.100000381469727,26.100000381469727,1412100,26.84000015258789,26.65999984741211,26.65999984741211
22-04-2016,26.6200008392334,26.6299991607666,1100100,27.260000228881836,27.100000381469727,27.100000381469727
25-04-2016,26.809999465942383,27.040000915527344,887400,27.200000762939453,27.030000686645508,27.030000686645508
26-04-2016,26.739999771118164,27.020000457763672,621600,27.170000076293945,27.020000457763672,27.020000457763672
27-04-2016,27.010000228881836,27.010000228881836,774200,27.68000030517578,27.649999618530273,27.649999618530273
28-04-2016,27.360000610351562,27.610000610351562,1338500,27.950000762939453,27.459999084472656,27.459999084472656
29-04-2016,27.219999313354492,27.399999618530273,1210000,27.540000915527344,27.510000228881836,27.510000228881836
02-05-2016,27.270000457763672,27.540000915527344,755100,27.889999389648438,27.81999969482422,27.81999969482422
03-05-2016,27.1299991607666,27.579999923706055,858900,27.579999923706055,27.34000015258789,27.34000015258789
04-05-2016,26.549999237060547,27.260000228881836,1133800,27.34000015258789,27.010000228881836,27.010000228881836
05-05-2016,26.649999618530273,27.1200008392334,701000,27.190000534057617,26.709999084472656,26.709999084472656
06-05-2016,26.530000686645508,26.549999237060547,808900,27.139999389648438,27.0,27.0
09-05-2016,26.889999389648438,27.020000457763672,304100,27.31999969482422,27.15999984741211,27.15999984741211
10-05-2016,26.850000381469727,27.15999984741211,327900,27.260000228881836,27.239999771118164,27.239999771118164
11-05-2016,27.06999969482422,27.1299991607666,597200,27.56999969482422,27.43000030517578,27.43000030517578
12-05-2016,27.06999969482422,27.59000015258789,1185800,27.639999389648438,27.389999389648438,27.389999389648438
13-05-2016,27.190000534057617,27.389999389648438,583900,27.59000015258789,27.350000381469727,27.350000381469727
16-05-2016,27.260000228881836,27.469999313354492,698600,27.90999984741211,27.889999389648438,27.889999389648438
17-05-2016,27.6200008392334,27.84000015258789,1303700,28.309999465942383,27.81999969482422,27.81999969482422
18-05-2016,27.6200008392334,27.799999237060547,699500,28.559999465942383,28.389999389648438,28.389999389648438
19-05-2016,27.670000076293945,28.149999618530273,1252000,28.950000762939453,28.059999465942383,28.059999465942383
20-05-2016,28.139999389648438,28.34000015258789,1424700,28.989999771118164,28.940000534057617,28.940000534057617
23-05-2016,28.760000228881836,28.8799991607666,1381600,29.719999313354492,29.5,29.5
24-05-2016,29.479999542236328,29.600000381469727,1332400,29.920000076293945,29.600000381469727,29.600000381469727
25-05-2016,29.479999542236328,29.809999465942383,1321900,29.899999618530273,29.889999389648438,29.889999389648438
26-05-2016,29.479999542236328,29.950000762939453,1568500,30.0,29.760000228881836,29.760000228881836
27-05-2016,30.34000015258789,32.58000183105469,10413100,33.150001525878906,32.18000030517578,32.18000030517578
31-05-2016,32.16999816894531,32.220001220703125,3484300,32.959999084472656,32.95000076293945,32.95000076293945
01-06-2016,32.61000061035156,32.900001525878906,3443700,33.779998779296875,33.619998931884766,33.619998931884766
02-06-2016,33.619998931884766,33.630001068115234,2532900,34.63999938964844,34.599998474121094,34.599998474121094
03-06-2016,33.86000061035156,34.41999816894531,1480800,34.90999984741211,34.90999984741211,34.90999984741211
06-06-2016,34.52000045776367,34.900001525878906,1973400,35.130001068115234,35.06999969482422,35.06999969482422
07-06-2016,34.70000076293945,35.099998474121094,1917800,35.459999084472656,35.290000915527344,35.290000915527344
08-06-2016,34.66999816894531,35.11000061035156,2133900,35.2400016784668,35.13999938964844,35.13999938964844
09-06-2016,34.91999816894531,35.060001373291016,1495100,35.689998626708984,35.029998779296875,35.029998779296875
10-06-2016,34.029998779296875,34.779998779296875,1438900,34.880001068115234,34.04999923706055,34.04999923706055
13-06-2016,33.790000915527344,33.95000076293945,1700300,34.5099983215332,34.150001525878906,34.150001525878906
14-06-2016,33.79999923706055,33.86000061035156,1653900,34.209999084472656,33.970001220703125,33.970001220703125
15-06-2016,33.90999984741211,34.150001525878906,1952000,34.68000030517578,34.34000015258789,34.34000015258789
16-06-2016,33.54999923706055,34.20000076293945,943500,34.27000045776367,34.130001068115234,34.130001068115234
17-06-2016,33.56999969482422,34.0099983215332,1617400,34.47999954223633,33.63999938964844,33.63999938964844
20-06-2016,33.81999969482422,34.290000915527344,989900,34.72999954223633,34.290000915527344,34.290000915527344
21-06-2016,33.689998626708984,34.439998626708984,1087200,34.54999923706055,34.040000915527344,34.040000915527344
22-06-2016,33.720001220703125,34.06999969482422,777200,34.36000061035156,33.86000061035156,33.86000061035156
23-06-2016,33.90999984741211,34.20000076293945,1327500,35.0099983215332,35.0099983215332,35.0099983215332
24-06-2016,33.59000015258789,33.91999816894531,3778000,34.47999954223633,34.29999923706055,34.29999923706055
27-06-2016,32.61000061035156,33.84000015258789,2396200,33.900001525878906,32.959999084472656,32.959999084472656
28-06-2016,32.95000076293945,33.400001525878906,1466900,33.560001373291016,33.0099983215332,33.0099983215332
29-06-2016,33.09000015258789,33.38999938964844,1716400,34.290000915527344,34.02000045776367,34.02000045776367
30-06-2016,33.59000015258789,34.20000076293945,1119900,34.27000045776367,34.119998931884766,34.119998931884766
01-07-2016,34.060001373291016,34.06999969482422,1000200,34.54999923706055,34.290000915527344,34.290000915527344
05-07-2016,33.86000061035156,34.20000076293945,866500,34.349998474121094,34.2400016784668,34.2400016784668
06-07-2016,34.09000015258789,34.150001525878906,2141000,34.9900016784668,34.880001068115234,34.880001068115234
07-07-2016,35.209999084472656,35.209999084472656,3465200,36.790000915527344,36.56999969482422,36.56999969482422
08-07-2016,36.630001068115234,36.900001525878906,2519100,37.40999984741211,37.369998931884766,37.369998931884766
11-07-2016,36.880001068115234,37.72999954223633,2107400,37.91999816894531,36.91999816894531,36.91999816894531
12-07-2016,36.84000015258789,37.27000045776367,1634200,37.5099983215332,37.099998474121094,37.099998474121094
13-07-2016,36.209999084472656,37.189998626708984,1140400,37.2400016784668,36.33000183105469,36.33000183105469
14-07-2016,36.16999816894531,36.54999923706055,753300,36.88999938964844,36.20000076293945,36.20000076293945
15-07-2016,36.08000183105469,36.209999084472656,772400,36.58000183105469,36.349998474121094,36.349998474121094
18-07-2016,36.369998931884766,36.529998779296875,637300,36.93000030517578,36.7400016784668,36.7400016784668
19-07-2016,35.91999816894531,36.61000061035156,849400,36.689998626708984,36.130001068115234,36.130001068115234
20-07-2016,36.18000030517578,36.209999084472656,974900,36.7599983215332,36.470001220703125,36.470001220703125
21-07-2016,36.099998474121094,36.439998626708984,899500,37.13999938964844,36.25,36.25
22-07-2016,36.060001373291016,36.20000076293945,920200,36.959999084472656,36.90999984741211,36.90999984741211
25-07-2016,36.65999984741211,36.959999084472656,856200,37.11000061035156,36.97999954223633,36.97999954223633
26-07-2016,36.66999816894531,36.869998931884766,1195100,37.43000030517578,37.34000015258789,37.34000015258789
27-07-2016,36.97999954223633,37.349998474121094,809000,37.41999816894531,37.25,37.25
28-07-2016,37.2400016784668,37.400001525878906,1047100,37.81999969482422,37.72999954223633,37.72999954223633
29-07-2016,37.59000015258789,37.810001373291016,1244900,38.209999084472656,37.9900016784668,37.9900016784668
01-08-2016,38.029998779296875,38.40999984741211,1349700,38.709999084472656,38.27000045776367,38.27000045776367
02-08-2016,36.810001373291016,38.22999954223633,1596200,38.43000030517578,37.34000015258789,37.34000015258789
03-08-2016,36.849998474121094,37.220001220703125,1098700,37.709999084472656,37.630001068115234,37.630001068115234
04-08-2016,37.2599983215332,37.650001525878906,823000,37.869998931884766,37.310001373291016,37.310001373291016
05-08-2016,37.31999969482422,37.31999969482422,840600,38.2400016784668,38.150001525878906,38.150001525878906
08-08-2016,38.0099983215332,38.33000183105469,805500,38.5099983215332,38.290000915527344,38.290000915527344
09-08-2016,38.150001525878906,38.5,617400,38.560001373291016,38.459999084472656,38.459999084472656
10-08-2016,38.20000076293945,38.439998626708984,570000,38.58000183105469,38.5099983215332,38.5099983215332
11-08-2016,38.5,38.56999969482422,588700,38.9900016784668,38.86000061035156,38.86000061035156
12-08-2016,38.810001373291016,38.9900016784668,905700,39.43000030517578,39.349998474121094,39.349998474121094
15-08-2016,39.38999938964844,39.52000045776367,1249200,39.880001068115234,39.630001068115234,39.630001068115234
16-08-2016,38.849998474121094,39.72999954223633,913300,39.83000183105469,38.93000030517578,38.93000030517578
17-08-2016,38.630001068115234,39.099998474121094,734300,39.16999816894531,39.13999938964844,39.13999938964844
18-08-2016,39.029998779296875,39.20000076293945,714200,39.81999969482422,39.720001220703125,39.720001220703125
19-08-2016,39.33000183105469,39.52000045776367,459900,39.75,39.650001525878906,39.650001525878906
22-08-2016,38.959999084472656,39.63999938964844,980700,39.810001373291016,39.400001525878906,39.400001525878906
23-08-2016,39.4900016784668,39.54999923706055,1953900,39.93000030517578,39.709999084472656,39.709999084472656
24-08-2016,38.709999084472656,39.59000015258789,964500,39.81999969482422,38.810001373291016,38.810001373291016
25-08-2016,38.470001220703125,38.880001068115234,1220500,38.97999954223633,38.869998931884766,38.869998931884766
26-08-2016,38.54999923706055,38.88999938964844,1016100,39.060001373291016,38.810001373291016,38.810001373291016
29-08-2016,38.599998474121094,38.88999938964844,1499200,39.09000015258789,38.66999816894531,38.66999816894531
30-08-2016,37.36000061035156,38.70000076293945,3319800,38.7400016784668,37.63999938964844,37.63999938964844
31-08-2016,39.529998779296875,40.9900016784668,12250500,42.58000183105469,40.91999816894531,40.91999816894531
01-09-2016,40.029998779296875,41.36000061035156,2160600,41.41999816894531,40.22999954223633,40.22999954223633
02-09-2016,39.849998474121094,40.220001220703125,1900600,40.77000045776367,40.7400016784668,40.7400016784668
06-09-2016,40.31999969482422,40.5,1112500,40.869998931884766,40.650001525878906,40.650001525878906
07-09-2016,40.529998779296875,40.529998779296875,1268100,41.290000915527344,40.939998626708984,40.939998626708984
08-09-2016,40.72999954223633,40.93000030517578,1285900,41.47999954223633,41.25,41.25
09-09-2016,40.25,40.869998931884766,1385700,41.099998474121094,40.34000015258789,40.34000015258789
12-09-2016,39.66999816894531,39.9900016784668,801000,40.849998474121094,40.79999923706055,40.79999923706055
13-09-2016,39.72999954223633,40.349998474121094,1067600,40.75,39.72999954223633,39.72999954223633
14-09-2016,39.54999923706055,39.63999938964844,886900,40.29999923706055,40.2400016784668,40.2400016784668
15-09-2016,40.02000045776367,40.25,774000,40.58000183105469,40.45000076293945,40.45000076293945
16-09-2016,40.349998474121094,40.5,1390000,41.0,40.95000076293945,40.95000076293945
19-09-2016,40.040000915527344,41.119998931884766,615200,41.130001068115234,40.130001068115234,40.130001068115234
20-09-2016,40.209999084472656,40.31999969482422,946000,41.029998779296875,40.88999938964844,40.88999938964844
21-09-2016,40.970001220703125,40.970001220703125,1211800,41.97999954223633,41.72999954223633,41.72999954223633
22-09-2016,41.63999938964844,42.0,854400,42.2400016784668,42.060001373291016,42.060001373291016
23-09-2016,41.540000915527344,41.939998626708984,641000,42.189998626708984,41.63999938964844,41.63999938964844
26-09-2016,41.130001068115234,41.369998931884766,640200,41.52000045776367,41.22999954223633,41.22999954223633
27-09-2016,41.11000061035156,41.22999954223633,648000,41.52000045776367,41.43000030517578,41.43000030517578
28-09-2016,41.279998779296875,41.650001525878906,631000,41.880001068115234,41.68000030517578,41.68000030517578
29-09-2016,41.18000030517578,41.7400016784668,868500,41.849998474121094,41.40999984741211,41.40999984741211
30-09-2016,40.900001525878906,41.689998626708984,1166700,41.77000045776367,41.279998779296875,41.279998779296875
03-10-2016,41.0,41.47999954223633,741400,41.5,41.220001220703125,41.220001220703125
04-10-2016,40.040000915527344,40.869998931884766,1317200,41.15999984741211,40.310001373291016,40.310001373291016
05-10-2016,40.119998931884766,40.310001373291016,1256300,40.56999969482422,40.27000045776367,40.27000045776367
06-10-2016,38.84000015258789,40.290000915527344,2810900,40.290000915527344,39.0,39.0
07-10-2016,37.90999984741211,38.810001373291016,1540100,38.91999816894531,38.84000015258789,38.84000015258789
10-10-2016,38.79999923706055,38.959999084472656,661800,39.630001068115234,38.9900016784668,38.9900016784668
11-10-2016,37.470001220703125,39.0099983215332,2051900,39.06999969482422,37.869998931884766,37.869998931884766
12-10-2016,36.54999923706055,37.040000915527344,1401900,38.060001373291016,37.75,37.75
13-10-2016,37.099998474121094,37.290000915527344,1329300,38.189998626708984,37.90999984741211,37.90999984741211
14-10-2016,37.790000915527344,38.189998626708984,1092900,38.77000045776367,37.880001068115234,37.880001068115234
17-10-2016,37.7400016784668,37.7400016784668,591200,38.29999923706055,37.970001220703125,37.970001220703125
18-10-2016,38.189998626708984,38.290000915527344,666000,38.810001373291016,38.45000076293945,38.45000076293945
19-10-2016,38.529998779296875,38.689998626708984,889500,39.130001068115234,38.849998474121094,38.849998474121094
20-10-2016,38.7400016784668,38.810001373291016,733200,39.4900016784668,39.099998474121094,39.099998474121094
21-10-2016,38.52000045776367,38.880001068115234,697800,38.9900016784668,38.810001373291016,38.810001373291016
24-10-2016,38.790000915527344,38.900001525878906,542700,39.34000015258789,39.119998931884766,39.119998931884766
25-10-2016,38.09000015258789,39.0099983215332,845600,39.040000915527344,38.189998626708984,38.189998626708984
26-10-2016,37.68000030517578,37.970001220703125,1044800,38.27000045776367,38.09000015258789,38.09000015258789
27-10-2016,37.66999816894531,38.25,1080200,38.25,37.75,37.75
28-10-2016,37.54999923706055,37.66999816894531,817700,38.34000015258789,37.869998931884766,37.869998931884766
31-10-2016,37.720001220703125,37.93000030517578,1246400,38.86000061035156,38.849998474121094,38.849998474121094
01-11-2016,38.369998931884766,38.75,1082300,38.95000076293945,38.5099983215332,38.5099983215332
02-11-2016,37.93000030517578,38.27000045776367,1160500,38.66999816894531,38.06999969482422,38.06999969482422
03-11-2016,37.459999084472656,38.060001373291016,966600,38.060001373291016,37.58000183105469,37.58000183105469
04-11-2016,37.34000015258789,37.4900016784668,1094100,37.95000076293945,37.540000915527344,37.540000915527344
07-11-2016,37.91999816894531,37.93000030517578,1794000,39.15999984741211,39.02000045776367,39.02000045776367
08-11-2016,38.27000045776367,38.84000015258789,844800,38.970001220703125,38.86000061035156,38.86000061035156
09-11-2016,38.11000061035156,38.34000015258789,1249900,39.959999084472656,39.84000015258789,39.84000015258789
10-11-2016,39.0099983215332,39.97999954223633,1050900,40.38999938964844,39.34000015258789,39.34000015258789
11-11-2016,39.099998474121094,39.2599983215332,821300,39.81999969482422,39.61000061035156,39.61000061035156
14-11-2016,39.58000183105469,39.84000015258789,1173700,40.279998779296875,39.900001525878906,39.900001525878906
15-11-2016,39.97999954223633,39.97999954223633,1309500,40.959999084472656,40.81999969482422,40.81999969482422
16-11-2016,40.380001068115234,40.75,703200,40.86000061035156,40.7400016784668,40.7400016784668
17-11-2016,40.70000076293945,40.77000045776367,1050800,41.97999954223633,41.900001525878906,41.900001525878906
18-11-2016,41.380001068115234,41.810001373291016,1362500,41.81999969482422,41.54999923706055,41.54999923706055
21-11-2016,41.54999923706055,42.0,1382100,42.099998474121094,41.77000045776367,41.77000045776367
22-11-2016,41.369998931884766,41.70000076293945,1881600,41.939998626708984,41.560001373291016,41.560001373291016
23-11-2016,43.5099983215332,44.33000183105469,5045200,46.70000076293945,46.290000915527344,46.290000915527344
25-11-2016,45.5099983215332,46.11000061035156,1313700,46.43000030517578,46.27000045776367,46.27000045776367
28-11-2016,46.0,46.380001068115234,1895800,46.97999954223633,46.34000015258789,46.34000015258789
29-11-2016,46.33000183105469,46.33000183105469,2241700,47.7599983215332,47.36000061035156,47.36000061035156
30-11-2016,46.25,47.75,1225000,47.95000076293945,46.47999954223633,46.47999954223633
01-12-2016,43.54999923706055,46.47999954223633,2296200,46.599998474121094,43.88999938964844,43.88999938964844
02-12-2016,42.150001525878906,43.52000045776367,2023800,43.65999984741211,43.040000915527344,43.040000915527344
05-12-2016,42.63999938964844,42.63999938964844,1381700,43.70000076293945,43.13999938964844,43.13999938964844
06-12-2016,42.68000030517578,43.5099983215332,758800,43.540000915527344,43.34000015258789,43.34000015258789
07-12-2016,42.709999084472656,43.400001525878906,932100,43.47999954223633,43.119998931884766,43.119998931884766
08-12-2016,42.689998626708984,43.2400016784668,992600,43.900001525878906,43.70000076293945,43.70000076293945
09-12-2016,42.540000915527344,43.70000076293945,798400,44.0,42.77000045776367,42.77000045776367
12-12-2016,41.7400016784668,42.5099983215332,823900,42.59000015258789,42.0099983215332,42.0099983215332
13-12-2016,42.0,42.0,848200,42.619998931884766,42.02000045776367,42.02000045776367
14-12-2016,41.310001373291016,41.75,1326700,42.16999816894531,41.5,41.5
15-12-2016,41.66999816894531,41.72999954223633,1015400,42.630001068115234,42.369998931884766,42.369998931884766
16-12-2016,42.52000045776367,43.029998779296875,1893000,43.880001068115234,42.70000076293945,42.70000076293945
19-12-2016,42.43000030517578,42.70000076293945,923700,43.470001220703125,42.91999816894531,42.91999816894531
20-12-2016,42.56999969482422,43.220001220703125,1171100,43.43000030517578,43.029998779296875,43.029998779296875
21-12-2016,42.15999984741211,43.20000076293945,759300,43.2400016784668,42.38999938964844,42.38999938964844
22-12-2016,41.36000061035156,42.54999923706055,1022000,42.790000915527344,41.5099983215332,41.5099983215332
23-12-2016,41.27000045776367,41.61000061035156,659200,41.79999923706055,41.599998474121094,41.599998474121094
27-12-2016,41.599998474121094,41.65999984741211,684100,42.2400016784668,42.11000061035156,42.11000061035156
28-12-2016,41.220001220703125,42.310001373291016,694500,42.5,41.29999923706055,41.29999923706055
29-12-2016,40.880001068115234,41.20000076293945,643000,41.380001068115234,41.08000183105469,41.08000183105469
30-12-2016,40.5,41.08000183105469,818800,41.16999816894531,40.70000076293945,40.70000076293945
03-01-2017,40.709999084472656,41.0099983215332,1049700,41.5099983215332,41.349998474121094,41.349998474121094
04-01-2017,40.81999969482422,41.279998779296875,1022900,42.13999938964844,41.77000045776367,41.77000045776367
05-01-2017,41.16999816894531,41.72999954223633,849700,41.970001220703125,41.5099983215332,41.5099983215332
06-01-2017,41.2599983215332,41.439998626708984,1017900,42.41999816894531,42.25,42.25
09-01-2017,42.189998626708984,42.540000915527344,1321200,43.619998931884766,43.400001525878906,43.400001525878906
10-01-2017,43.2599983215332,43.2599983215332,1156500,44.16999816894531,43.849998474121094,43.849998474121094
11-01-2017,43.529998779296875,44.119998931884766,734900,44.22999954223633,44.119998931884766,44.119998931884766
12-01-2017,42.75,43.459999084472656,775800,43.84000015258789,43.79999923706055,43.79999923706055
13-01-2017,43.900001525878906,43.95000076293945,622000,44.7400016784668,44.5099983215332,44.5099983215332
17-01-2017,43.0099983215332,44.2400016784668,957000,44.25,43.189998626708984,43.189998626708984
18-01-2017,42.65999984741211,43.2400016784668,720600,43.459999084472656,43.22999954223633,43.22999954223633
19-01-2017,42.720001220703125,43.09000015258789,636200,43.2599983215332,43.0,43.0
20-01-2017,42.650001525878906,42.959999084472656,509300,43.22999954223633,42.939998626708984,42.939998626708984
23-01-2017,42.15999984741211,43.0,514700,43.150001525878906,42.5,42.5
24-01-2017,42.02000045776367,42.79999923706055,471100,42.95000076293945,42.75,42.75
25-01-2017,42.88999938964844,43.0099983215332,696100,43.45000076293945,43.16999816894531,43.16999816894531
26-01-2017,42.54999923706055,43.20000076293945,578800,43.33000183105469,42.79999923706055,42.79999923706055
27-01-2017,42.31999969482422,42.790000915527344,420800,42.790000915527344,42.650001525878906,42.650001525878906
30-01-2017,41.61000061035156,42.5,442900,42.5,42.060001373291016,42.060001373291016
31-01-2017,41.61000061035156,41.77000045776367,756400,42.369998931884766,42.33000183105469,42.33000183105469
01-02-2017,41.84000015258789,42.40999984741211,841300,42.52000045776367,42.459999084472656,42.459999084472656
02-02-2017,41.709999084472656,42.119998931884766,1036500,43.5,42.90999984741211,42.90999984741211
03-02-2017,43.02000045776367,43.09000015258789,585400,43.7599983215332,43.619998931884766,43.619998931884766
06-02-2017,42.880001068115234,43.40999984741211,505200,43.40999984741211,43.310001373291016,43.310001373291016
07-02-2017,43.209999084472656,43.310001373291016,646100,43.77000045776367,43.400001525878906,43.400001525878906
08-02-2017,42.81999969482422,43.29999923706055,426900,43.38999938964844,43.279998779296875,43.279998779296875
09-02-2017,43.470001220703125,43.470001220703125,693000,44.31999969482422,44.189998626708984,44.189998626708984
10-02-2017,43.790000915527344,44.400001525878906,362600,44.47999954223633,44.040000915527344,44.040000915527344
13-02-2017,43.9900016784668,44.209999084472656,499300,44.439998626708984,44.02000045776367,44.02000045776367
14-02-2017,43.2400016784668,43.630001068115234,726900,44.11000061035156,43.97999954223633,43.97999954223633
15-02-2017,43.709999084472656,43.81999969482422,425200,44.4900016784668,44.29999923706055,44.29999923706055
16-02-2017,43.25,44.15999984741211,505100,44.349998474121094,43.689998626708984,43.689998626708984
17-02-2017,43.279998779296875,43.619998931884766,459300,43.869998931884766,43.86000061035156,43.86000061035156
21-02-2017,43.599998474121094,43.869998931884766,539000,44.2599983215332,44.040000915527344,44.040000915527344
22-02-2017,43.630001068115234,43.97999954223633,408300,44.349998474121094,43.779998779296875,43.779998779296875
23-02-2017,42.869998931884766,43.650001525878906,995600,43.79999923706055,43.58000183105469,43.58000183105469
24-02-2017,43.2599983215332,43.2599983215332,1095300,44.369998931884766,44.209999084472656,44.209999084472656
27-02-2017,43.75,44.04999923706055,985800,44.25,44.13999938964844,44.13999938964844
28-02-2017,43.68000030517578,43.97999954223633,1855900,44.41999816894531,43.689998626708984,43.689998626708984
01-03-2017,41.29999923706055,43.060001373291016,4036500,45.849998474121094,44.900001525878906,44.900001525878906
02-03-2017,43.720001220703125,44.79999923706055,2798200,44.88999938964844,44.0,44.0
03-03-2017,43.779998779296875,43.849998474121094,1112100,44.93000030517578,44.16999816894531,44.16999816894531
06-03-2017,43.5,43.790000915527344,998600,44.22999954223633,44.04999923706055,44.04999923706055
07-03-2017,43.7400016784668,43.88999938964844,837100,44.2599983215332,44.099998474121094,44.099998474121094
08-03-2017,43.939998626708984,44.15999984741211,895400,44.43000030517578,44.25,44.25
09-03-2017,44.02000045776367,44.13999938964844,1235600,44.7599983215332,44.75,44.75
10-03-2017,44.5099983215332,44.970001220703125,1246600,45.369998931884766,45.13999938964844,45.13999938964844
13-03-2017,45.099998474121094,45.150001525878906,1631200,46.83000183105469,46.83000183105469,46.83000183105469
14-03-2017,45.939998626708984,46.619998931884766,1169500,46.66999816894531,46.099998474121094,46.099998474121094
15-03-2017,45.90999984741211,46.29999923706055,1745100,47.88999938964844,47.869998931884766,47.869998931884766
16-03-2017,47.88999938964844,47.91999816894531,2994800,49.41999816894531,49.040000915527344,49.040000915527344
17-03-2017,48.77000045776367,49.27000045776367,1794300,49.83000183105469,49.790000915527344,49.790000915527344
20-03-2017,49.310001373291016,49.68000030517578,2049200,50.75,49.849998474121094,49.849998474121094
21-03-2017,48.31999969482422,50.2400016784668,2202100,50.2400016784668,48.650001525878906,48.650001525878906
22-03-2017,47.58000183105469,48.290000915527344,1527300,48.9900016784668,48.9900016784668,48.9900016784668
23-03-2017,48.97999954223633,49.52000045776367,2009300,50.25,49.79999923706055,49.79999923706055
24-03-2017,49.20000076293945,50.290000915527344,2466300,50.75,49.56999969482422,49.56999969482422
27-03-2017,48.560001373291016,49.02000045776367,2501200,51.349998474121094,50.959999084472656,50.959999084472656
28-03-2017,50.130001068115234,51.0099983215332,1677800,51.47999954223633,51.130001068115234,51.130001068115234
29-03-2017,50.54999923706055,51.20000076293945,1053100,51.20000076293945,50.959999084472656,50.959999084472656
30-03-2017,50.75,51.20000076293945,1085200,51.400001525878906,50.849998474121094,50.849998474121094
31-03-2017,50.7400016784668,50.88999938964844,928800,51.66999816894531,51.279998779296875,51.279998779296875
03-04-2017,51.150001525878906,51.29999923706055,1269500,51.900001525878906,51.33000183105469,51.33000183105469
04-04-2017,50.88999938964844,51.11000061035156,852300,51.709999084472656,50.970001220703125,50.970001220703125
05-04-2017,50.439998626708984,51.02000045776367,1332800,51.59000015258789,50.619998931884766,50.619998931884766
06-04-2017,49.900001525878906,50.70000076293945,1090400,51.2400016784668,51.220001220703125,51.220001220703125
07-04-2017,50.900001525878906,51.09000015258789,1179300,51.790000915527344,51.59000015258789,51.59000015258789
10-04-2017,50.709999084472656,51.630001068115234,1312600,51.95000076293945,50.790000915527344,50.790000915527344
11-04-2017,50.18000030517578,50.689998626708984,1040400,51.04999923706055,51.04999923706055,51.04999923706055
12-04-2017,50.36000061035156,51.130001068115234,619600,51.459999084472656,50.47999954223633,50.47999954223633
13-04-2017,50.4900016784668,50.4900016784668,810300,51.150001525878906,50.66999816894531,50.66999816894531
17-04-2017,50.40999984741211,50.58000183105469,1000300,51.22999954223633,50.79999923706055,50.79999923706055
18-04-2017,50.09000015258789,50.650001525878906,841900,50.68000030517578,50.310001373291016,50.310001373291016
19-04-2017,50.43000030517578,50.56999969482422,865200,51.41999816894531,51.0099983215332,51.0099983215332
20-04-2017,50.790000915527344,51.36000061035156,1538000,52.59000015258789,52.5,52.5
21-04-2017,51.630001068115234,52.810001373291016,1213600,53.369998931884766,51.83000183105469,51.83000183105469
24-04-2017,51.86000061035156,52.75,1306600,52.91999816894531,52.54999923706055,52.54999923706055
25-04-2017,52.13999938964844,52.90999984741211,765300,52.959999084472656,52.20000076293945,52.20000076293945
26-04-2017,52.290000915527344,52.61000061035156,826400,53.189998626708984,52.9900016784668,52.9900016784668
27-04-2017,53.040000915527344,53.099998474121094,616700,53.880001068115234,53.529998779296875,53.529998779296875
28-04-2017,52.880001068115234,53.560001373291016,550900,53.77000045776367,53.619998931884766,53.619998931884766
01-05-2017,53.630001068115234,53.9900016784668,814400,54.5,54.2400016784668,54.2400016784668
02-05-2017,53.38999938964844,54.08000183105469,894700,54.220001220703125,54.0099983215332,54.0099983215332
03-05-2017,53.2599983215332,53.86000061035156,858200,54.36000061035156,54.029998779296875,54.029998779296875
04-05-2017,53.779998779296875,54.310001373291016,957900,54.779998779296875,54.16999816894531,54.16999816894531
05-05-2017,53.66999816894531,54.38999938964844,996300,54.47999954223633,54.38999938964844,54.38999938964844
08-05-2017,54.2400016784668,54.5,1055500,55.47999954223633,55.2400016784668,55.2400016784668
09-05-2017,54.720001220703125,55.31999969482422,902800,55.529998779296875,55.04999923706055,55.04999923706055
10-05-2017,55.09000015258789,55.18000030517578,979100,56.400001525878906,56.349998474121094,56.349998474121094
11-05-2017,55.54999923706055,56.40999984741211,852100,56.459999084472656,56.0099983215332,56.0099983215332
12-05-2017,55.810001373291016,56.02000045776367,575300,56.689998626708984,56.34000015258789,56.34000015258789
15-05-2017,56.310001373291016,56.5,979100,57.68000030517578,57.119998931884766,57.119998931884766
16-05-2017,57.47999954223633,57.619998931884766,2381900,59.779998779296875,59.09000015258789,59.09000015258789
17-05-2017,56.150001525878906,58.220001220703125,2157600,58.54999923706055,57.349998474121094,57.349998474121094
18-05-2017,56.29999923706055,57.2400016784668,1673100,59.689998626708984,59.540000915527344,59.540000915527344
19-05-2017,59.97999954223633,59.97999954223633,1621400,61.5,60.310001373291016,60.310001373291016
22-05-2017,60.61000061035156,60.900001525878906,1869100,62.22999954223633,62.06999969482422,62.06999969482422
23-05-2017,60.40999984741211,62.63999938964844,2135400,62.63999938964844,60.4900016784668,60.4900016784668
24-05-2017,60.63999938964844,60.869998931884766,2255000,61.41999816894531,61.06999969482422,61.06999969482422
25-05-2017,60.900001525878906,61.56999969482422,2630200,62.04999923706055,61.7400016784668,61.7400016784668
26-05-2017,63.619998931884766,66.38999938964844,6546900,67.86000061035156,66.81999969482422,66.81999969482422
30-05-2017,63.619998931884766,66.69999694824219,3668400,67.69999694824219,64.9000015258789,64.9000015258789
31-05-2017,62.810001373291016,64.94000244140625,6260400,65.94000244140625,63.540000915527344,63.540000915527344
01-06-2017,63.0099983215332,63.86000061035156,1729800,64.88999938964844,64.87000274658203,64.87000274658203
02-06-2017,64.5199966430664,64.94999694824219,2074500,66.76000213623047,66.69999694824219,66.69999694824219
05-06-2017,65.13999938964844,65.37999725341797,1661500,66.11000061035156,65.72000122070312,65.72000122070312
06-06-2017,64.7699966430664,65.66000366210938,2362100,68.06999969482422,65.54000091552734,65.54000091552734
07-06-2017,63.45000076293945,65.54000091552734,2016000,65.9000015258789,65.12000274658203,65.12000274658203
08-06-2017,63.779998779296875,65.25,1404200,65.25,64.98999786376953,64.98999786376953
09-06-2017,59.029998779296875,65.0199966430664,3575000,65.80000305175781,61.65999984741211,61.65999984741211
12-06-2017,56.939998626708984,60.63999938964844,3637800,60.63999938964844,60.0099983215332,60.0099983215332
13-06-2017,58.529998779296875,60.380001068115234,2463200,60.9900016784668,59.58000183105469,59.58000183105469
14-06-2017,58.13999938964844,59.75,1682400,60.130001068115234,58.959999084472656,58.959999084472656
15-06-2017,57.349998474121094,58.380001068115234,1943000,59.86000061035156,59.459999084472656,59.459999084472656
16-06-2017,58.93000030517578,59.54999923706055,1490500,60.40999984741211,59.630001068115234,59.630001068115234
19-06-2017,60.0,60.0,2138100,62.41999816894531,62.349998474121094,62.349998474121094
20-06-2017,61.16999816894531,62.52000045776367,1757700,63.439998626708984,61.33000183105469,61.33000183105469
21-06-2017,61.34000015258789,61.4900016784668,1428400,62.61000061035156,62.400001525878906,62.400001525878906
22-06-2017,62.04999923706055,62.279998779296875,1260000,63.29999923706055,63.040000915527344,63.040000915527344
23-06-2017,62.91999816894531,63.040000915527344,1556200,64.0,63.81999969482422,63.81999969482422
26-06-2017,60.790000915527344,64.05000305175781,1363500,64.41000366210938,62.33000183105469,62.33000183105469
27-06-2017,59.9900016784668,61.959999084472656,1459700,62.20000076293945,60.189998626708984,60.189998626708984
28-06-2017,59.900001525878906,60.77000045776367,987500,62.470001220703125,62.40999984741211,62.40999984741211
29-06-2017,60.900001525878906,62.119998931884766,1261100,62.119998931884766,61.36000061035156,61.36000061035156
30-06-2017,61.04999923706055,61.4900016784668,653300,62.060001373291016,61.310001373291016,61.310001373291016
03-07-2017,60.13999938964844,61.56999969482422,495600,61.709999084472656,60.45000076293945,60.45000076293945
05-07-2017,60.09000015258789,60.41999816894531,835300,61.65999984741211,60.93000030517578,60.93000030517578
06-07-2017,59.880001068115234,60.310001373291016,803300,60.970001220703125,60.31999969482422,60.31999969482422
07-07-2017,60.52000045776367,60.63999938964844,1171400,62.59000015258789,62.349998474121094,62.349998474121094
10-07-2017,61.709999084472656,62.650001525878906,1137900,63.47999954223633,62.150001525878906,62.150001525878906
11-07-2017,60.849998474121094,62.11000061035156,1295500,63.369998931884766,62.93000030517578,62.93000030517578
12-07-2017,63.27000045776367,63.650001525878906,1606200,64.97000122070312,63.97999954223633,63.97999954223633
13-07-2017,62.56999969482422,63.970001220703125,1100200,63.970001220703125,63.599998474121094,63.599998474121094
14-07-2017,63.0099983215332,63.599998474121094,1147600,64.72000122070312,64.25,64.25
17-07-2017,63.150001525878906,64.68000030517578,1021100,64.86000061035156,63.849998474121094,63.849998474121094
18-07-2017,62.7400016784668,63.40999984741211,1098900,63.75,63.08000183105469,63.08000183105469
19-07-2017,62.97999954223633,63.310001373291016,1031800,64.43000030517578,63.7400016784668,63.7400016784668
20-07-2017,63.0,63.97999954223633,929800,63.97999954223633,63.290000915527344,63.290000915527344
21-07-2017,62.97999954223633,63.16999816894531,824900,63.959999084472656,63.16999816894531,63.16999816894531
24-07-2017,63.18000030517578,63.18000030517578,1486600,66.08999633789062,65.79000091552734,65.79000091552734
25-07-2017,64.30000305175781,66.0199966430664,1598200,66.0199966430664,64.93000030517578,64.93000030517578
26-07-2017,64.61000061035156,65.27999877929688,1002900,65.86000061035156,65.05000305175781,65.05000305175781
27-07-2017,60.439998626708984,65.61000061035156,2207600,65.91999816894531,62.4900016784668,62.4900016784668
28-07-2017,61.86000061035156,62.150001525878906,1033600,64.23999786376953,63.630001068115234,63.630001068115234
31-07-2017,62.58000183105469,63.9900016784668,801200,64.08999633789062,63.7599983215332,63.7599983215332
01-08-2017,63.119998931884766,64.0,1447600,65.19999694824219,64.5999984741211,64.5999984741211
02-08-2017,61.060001373291016,64.61000061035156,1197300,64.80000305175781,61.97999954223633,61.97999954223633
03-08-2017,61.869998931884766,62.119998931884766,860300,62.81999969482422,62.43000030517578,62.43000030517578
04-08-2017,61.86000061035156,62.5099983215332,736400,63.0,62.119998931884766,62.119998931884766
07-08-2017,62.119998931884766,62.2400016784668,856500,63.31999969482422,63.18000030517578,63.18000030517578
08-08-2017,62.68000030517578,63.06999969482422,755100,63.540000915527344,62.83000183105469,62.83000183105469
09-08-2017,62.09000015258789,62.45000076293945,1009700,64.0199966430664,63.650001525878906,63.650001525878906
10-08-2017,59.849998474121094,63.119998931884766,1567900,63.380001068115234,59.90999984741211,59.90999984741211
11-08-2017,59.93000030517578,59.93000030517578,945500,61.959999084472656,61.849998474121094,61.849998474121094
14-08-2017,62.400001525878906,62.619998931884766,637100,63.4900016784668,63.08000183105469,63.08000183105469
15-08-2017,62.13999938964844,63.02000045776367,754300,63.29999923706055,62.79999923706055,62.79999923706055
16-08-2017,62.91999816894531,62.9900016784668,1005900,63.939998626708984,63.77000045776367,63.77000045776367
17-08-2017,63.369998931884766,63.5,1256600,65.44999694824219,63.38999938964844,63.38999938964844
18-08-2017,62.060001373291016,63.40999984741211,730100,63.779998779296875,63.119998931884766,63.119998931884766
21-08-2017,62.529998779296875,63.220001220703125,912000,63.91999816894531,63.18000030517578,63.18000030517578
22-08-2017,63.290000915527344,63.47999954223633,1351400,65.93000030517578,65.56999969482422,65.56999969482422
23-08-2017,64.04000091552734,65.16999816894531,1263100,66.08000183105469,64.37999725341797,64.37999725341797
24-08-2017,63.41999816894531,64.83000183105469,1923900,65.30000305175781,64.58999633789062,64.58999633789062
25-08-2017,55.11000061035156,58.5099983215332,7735900,59.79999923706055,55.810001373291016,55.810001373291016
28-08-2017,55.25,56.0,3480200,57.95000076293945,57.130001068115234,57.130001068115234
29-08-2017,56.209999084472656,56.33000183105469,1921800,57.5,57.130001068115234,57.130001068115234
30-08-2017,56.29999923706055,57.11000061035156,1712200,58.099998474121094,57.84000015258789,57.84000015258789
31-08-2017,57.66999816894531,58.0,2155100,59.5,59.5,59.5
01-09-2017,58.56999969482422,59.790000915527344,1415900,60.08000183105469,59.720001220703125,59.720001220703125
05-09-2017,58.18000030517578,58.68000030517578,1715900,59.54999923706055,58.720001220703125,58.720001220703125
06-09-2017,58.040000915527344,58.75,951400,59.099998474121094,58.2400016784668,58.2400016784668
07-09-2017,57.209999084472656,58.130001068115234,1482400,58.18000030517578,57.86000061035156,57.86000061035156
08-09-2017,56.77000045776367,57.560001373291016,1354800,57.560001373291016,56.959999084472656,56.959999084472656
11-09-2017,57.380001068115234,57.400001525878906,1691800,58.0,57.779998779296875,57.779998779296875
12-09-2017,56.849998474121094,57.9900016784668,1484000,57.9900016784668,57.310001373291016,57.310001373291016
13-09-2017,56.849998474121094,57.2599983215332,901100,57.72999954223633,56.849998474121094,56.849998474121094
14-09-2017,55.68000030517578,56.560001373291016,1733300,56.75,56.58000183105469,56.58000183105469
15-09-2017,55.36000061035156,56.45000076293945,2072600,56.599998474121094,55.7400016784668,55.7400016784668
18-09-2017,55.599998474121094,55.7400016784668,1524900,56.58000183105469,56.16999816894531,56.16999816894531
19-09-2017,55.689998626708984,56.25,1125600,56.36000061035156,56.189998626708984,56.189998626708984
20-09-2017,55.400001525878906,56.349998474121094,947100,56.349998474121094,55.619998931884766,55.619998931884766
21-09-2017,54.70000076293945,55.45000076293945,1140800,56.43000030517578,56.13999938964844,56.13999938964844
22-09-2017,55.45000076293945,56.0,652000,56.650001525878906,55.68000030517578,55.68000030517578
25-09-2017,54.279998779296875,55.5099983215332,1123100,55.66999816894531,54.93000030517578,54.93000030517578
26-09-2017,54.15999984741211,55.349998474121094,1024700,55.349998474121094,54.349998474121094,54.349998474121094
27-09-2017,54.630001068115234,55.0,1207300,56.4900016784668,55.900001525878906,55.900001525878906
28-09-2017,55.06999969482422,55.72999954223633,1356300,56.72999954223633,56.369998931884766,56.369998931884766
29-09-2017,56.02000045776367,56.47999954223633,1093700,56.880001068115234,56.40999984741211,56.40999984741211
02-10-2017,56.34000015258789,56.41999816894531,1100200,57.650001525878906,57.08000183105469,57.08000183105469
03-10-2017,56.2400016784668,56.939998626708984,855300,57.5,57.09000015258789,57.09000015258789
04-10-2017,56.40999984741211,57.04999923706055,998500,57.43000030517578,57.20000076293945,57.20000076293945
05-10-2017,57.22999954223633,57.470001220703125,1153300,58.150001525878906,58.029998779296875,58.029998779296875
06-10-2017,57.709999084472656,58.0,803400,58.220001220703125,58.099998474121094,58.099998474121094
09-10-2017,57.97999954223633,58.11000061035156,756300,58.7400016784668,58.099998474121094,58.099998474121094
10-10-2017,56.11000061035156,58.2400016784668,1318900,58.33000183105469,56.70000076293945,56.70000076293945
11-10-2017,56.72999954223633,56.72999954223633,1277200,57.86000061035156,57.41999816894531,57.41999816894531
12-10-2017,57.709999084472656,57.880001068115234,2558800,60.470001220703125,59.52000045776367,59.52000045776367
13-10-2017,58.689998626708984,59.560001373291016,989800,60.0,58.93000030517578,58.93000030517578
16-10-2017,58.060001373291016,59.13999938964844,947400,59.189998626708984,58.650001525878906,58.650001525878906
17-10-2017,58.79999923706055,58.79999923706055,1054500,59.59000015258789,59.58000183105469,59.58000183105469
18-10-2017,59.0,59.79999923706055,1483900,59.79999923706055,59.380001068115234,59.380001068115234
19-10-2017,57.939998626708984,58.83000183105469,1238700,59.599998474121094,59.599998474121094,59.599998474121094
20-10-2017,59.72999954223633,59.79999923706055,1196500,61.189998626708984,61.0,61.0
23-10-2017,60.06999969482422,61.02000045776367,1044000,61.439998626708984,60.27000045776367,60.27000045776367
24-10-2017,60.349998474121094,60.61000061035156,1524500,61.27000045776367,60.7599983215332,60.7599983215332
25-10-2017,59.099998474121094,60.56999969482422,938100,61.150001525878906,59.29999923706055,59.29999923706055
26-10-2017,58.0099983215332,59.290000915527344,1580900,59.709999084472656,59.4900016784668,59.4900016784668
27-10-2017,58.529998779296875,59.56999969482422,828700,59.880001068115234,59.439998626708984,59.439998626708984
30-10-2017,58.70000076293945,59.20000076293945,704000,59.849998474121094,59.75,59.75
31-10-2017,59.52000045776367,59.88999938964844,1010600,61.04999923706055,60.939998626708984,60.939998626708984
01-11-2017,59.95000076293945,61.43000030517578,1119100,61.79999923706055,60.54999923706055,60.54999923706055
02-11-2017,59.65999984741211,60.2400016784668,832800,61.099998474121094,60.95000076293945,60.95000076293945
03-11-2017,60.66999816894531,60.95000076293945,550100,61.630001068115234,61.619998931884766,61.619998931884766
06-11-2017,61.04999923706055,61.77000045776367,893200,62.040000915527344,61.349998474121094,61.349998474121094
07-11-2017,60.529998779296875,61.349998474121094,959700,61.61000061035156,61.27000045776367,61.27000045776367
08-11-2017,60.880001068115234,61.04999923706055,561400,62.029998779296875,61.880001068115234,61.880001068115234
09-11-2017,60.099998474121094,61.290000915527344,728400,61.40999984741211,60.58000183105469,60.58000183105469
10-11-2017,60.15999984741211,60.380001068115234,1390200,61.54999923706055,61.470001220703125,61.470001220703125
13-11-2017,61.02000045776367,61.16999816894531,852100,61.81999969482422,61.4900016784668,61.4900016784668
14-11-2017,60.619998931884766,61.11000061035156,562700,61.5099983215332,60.790000915527344,60.790000915527344
15-11-2017,59.41999816894531,60.20000076293945,754600,60.619998931884766,60.290000915527344,60.290000915527344
16-11-2017,60.16999816894531,60.58000183105469,781000,61.68000030517578,61.13999938964844,61.13999938964844
17-11-2017,60.709999084472656,61.08000183105469,807600,61.34000015258789,61.130001068115234,61.130001068115234
20-11-2017,61.13999938964844,61.13999938964844,1346900,62.34000015258789,61.959999084472656,61.959999084472656
21-11-2017,62.20000076293945,62.400001525878906,797100,63.15999984741211,62.70000076293945,62.70000076293945
22-11-2017,62.0099983215332,62.93000030517578,696800,62.93000030517578,62.630001068115234,62.630001068115234
24-11-2017,62.61000061035156,62.9900016784668,307900,63.38999938964844,62.810001373291016,62.810001373291016
27-11-2017,62.790000915527344,63.09000015258789,750800,63.93000030517578,62.970001220703125,62.970001220703125
28-11-2017,61.720001220703125,63.349998474121094,917200,63.349998474121094,62.0,62.0
29-11-2017,57.599998474121094,61.939998626708984,1850500,62.0,58.880001068115234,58.880001068115234
30-11-2017,57.959999084472656,58.93000030517578,1743100,60.349998474121094,60.209999084472656,60.209999084472656
01-12-2017,58.689998626708984,60.04999923706055,1241100,60.439998626708984,59.459999084472656,59.459999084472656
04-12-2017,57.189998626708984,58.84000015258789,1573800,60.33000183105469,57.25,57.25
05-12-2017,55.86000061035156,56.70000076293945,2126100,58.900001525878906,57.77000045776367,57.77000045776367
06-12-2017,52.70000076293945,54.75,5454400,56.099998474121094,54.0,54.0
07-12-2017,53.66999816894531,53.7599983215332,2506500,56.369998931884766,55.529998779296875,55.529998779296875
08-12-2017,55.68000030517578,56.29999923706055,1226700,56.77000045776367,56.060001373291016,56.060001373291016
11-12-2017,56.09000015258789,56.27000045776367,1297500,56.939998626708984,56.63999938964844,56.63999938964844
12-12-2017,55.599998474121094,56.47999954223633,1036000,56.70000076293945,55.869998931884766,55.869998931884766
13-12-2017,55.61000061035156,55.810001373291016,1337400,56.810001373291016,55.91999816894531,55.91999816894531
14-12-2017,55.279998779296875,56.040000915527344,1204500,56.65999984741211,55.58000183105469,55.58000183105469
15-12-2017,55.58000183105469,55.7599983215332,1774400,56.31999969482422,55.97999954223633,55.97999954223633
18-12-2017,55.560001373291016,56.29999923706055,1044000,56.41999816894531,55.849998474121094,55.849998474121094
19-12-2017,55.36000061035156,55.779998779296875,1409500,56.689998626708984,56.65999984741211,56.65999984741211
20-12-2017,56.130001068115234,56.560001373291016,1226200,57.650001525878906,57.099998474121094,57.099998474121094
21-12-2017,55.560001373291016,57.0,1099600,57.25,56.209999084472656,56.209999084472656
22-12-2017,55.619998931884766,55.900001525878906,437300,56.130001068115234,56.06999969482422,56.06999969482422
26-12-2017,55.38999938964844,55.91999816894531,313100,56.209999084472656,55.91999816894531,55.91999816894531
27-12-2017,55.52000045776367,55.959999084472656,514300,56.209999084472656,55.70000076293945,55.70000076293945
28-12-2017,55.369998931884766,55.79999923706055,493000,55.959999084472656,55.86000061035156,55.86000061035156
29-12-2017,55.2599983215332,55.97999954223633,497000,56.099998474121094,55.279998779296875,55.279998779296875
02-01-2018,54.79999923706055,55.31999969482422,1214000,55.689998626708984,55.06999969482422,55.06999969482422
03-01-2018,55.0,55.0,1080600,56.470001220703125,56.279998779296875,56.279998779296875
04-01-2018,56.56999969482422,56.70000076293945,834200,57.189998626708984,56.900001525878906,56.900001525878906
05-01-2018,56.959999084472656,57.06999969482422,688400,57.689998626708984,57.439998626708984,57.439998626708984
08-01-2018,57.08000183105469,57.45000076293945,611400,57.84000015258789,57.709999084472656,57.709999084472656
09-01-2018,57.56999969482422,57.880001068115234,1073000,58.40999984741211,58.029998779296875,58.029998779296875
10-01-2018,57.099998474121094,57.58000183105469,809800,57.939998626708984,57.68000030517578,57.68000030517578
11-01-2018,57.58000183105469,57.689998626708984,716300,58.290000915527344,58.060001373291016,58.060001373291016
12-01-2018,57.619998931884766,58.34000015258789,732300,58.529998779296875,58.369998931884766,58.369998931884766
16-01-2018,56.349998474121094,58.849998474121094,1442300,58.9900016784668,56.5099983215332,56.5099983215332
17-01-2018,56.720001220703125,56.79999923706055,767200,57.290000915527344,57.130001068115234,57.130001068115234
18-01-2018,56.959999084472656,57.16999816894531,599300,57.81999969482422,57.529998779296875,57.529998779296875
19-01-2018,57.79999923706055,58.0,571800,58.650001525878906,58.529998779296875,58.529998779296875
22-01-2018,57.93000030517578,58.75,967400,58.7599983215332,58.16999816894531,58.16999816894531
23-01-2018,58.11000061035156,58.33000183105469,1194400,60.220001220703125,60.060001373291016,60.060001373291016
24-01-2018,59.15999984741211,60.0,775100,60.209999084472656,59.209999084472656,59.209999084472656
25-01-2018,58.88999938964844,59.599998474121094,652600,59.81999969482422,58.90999984741211,58.90999984741211
26-01-2018,59.09000015258789,59.439998626708984,637400,61.119998931884766,60.970001220703125,60.970001220703125
29-01-2018,60.20000076293945,60.970001220703125,569300,61.06999969482422,60.31999969482422,60.31999969482422
30-01-2018,60.68000030517578,61.04999923706055,1794700,62.9900016784668,62.06999969482422,62.06999969482422
31-01-2018,62.38999938964844,62.65999984741211,1246800,63.0,62.86000061035156,62.86000061035156
01-02-2018,60.779998779296875,62.56999969482422,1231100,62.619998931884766,61.02000045776367,61.02000045776367
02-02-2018,59.529998779296875,60.75,837700,61.029998779296875,60.040000915527344,60.040000915527344
05-02-2018,57.540000915527344,59.29999923706055,1045200,59.900001525878906,57.81999969482422,57.81999969482422
06-02-2018,55.970001220703125,56.68000030517578,1720100,58.279998779296875,57.209999084472656,57.209999084472656
07-02-2018,55.650001525878906,57.099998474121094,1542700,57.599998474121094,55.68000030517578,55.68000030517578
08-02-2018,54.290000915527344,56.02000045776367,1640900,56.40999984741211,54.31999969482422,54.31999969482422
09-02-2018,52.16999816894531,54.720001220703125,1823000,55.88999938964844,55.45000076293945,55.45000076293945
12-02-2018,55.650001525878906,55.90999984741211,1038300,57.13999938964844,56.720001220703125,56.720001220703125
13-02-2018,56.15999984741211,56.369998931884766,893200,57.36000061035156,56.900001525878906,56.900001525878906
14-02-2018,56.43000030517578,56.560001373291016,1080100,58.060001373291016,57.900001525878906,57.900001525878906
15-02-2018,57.970001220703125,58.47999954223633,1184500,59.2599983215332,58.939998626708984,58.939998626708984
16-02-2018,58.90999984741211,59.08000183105469,1177300,60.63999938964844,59.7599983215332,59.7599983215332
20-02-2018,59.04999923706055,59.27000045776367,701500,60.75,60.34000015258789,60.34000015258789
21-02-2018,60.369998931884766,60.599998474121094,736400,61.70000076293945,60.38999938964844,60.38999938964844
22-02-2018,59.720001220703125,60.599998474121094,571100,61.0,59.84000015258789,59.84000015258789
23-02-2018,60.040000915527344,60.209999084472656,598300,61.599998474121094,61.54999923706055,61.54999923706055
26-02-2018,61.54999923706055,61.70000076293945,818200,62.650001525878906,62.099998474121094,62.099998474121094
27-02-2018,61.91999816894531,62.040000915527344,1327900,63.2400016784668,62.06999969482422,62.06999969482422
28-02-2018,64.16999816894531,64.66000366210938,5337500,71.05000305175781,69.69999694824219,69.69999694824219
01-03-2018,69.0999984741211,69.52999877929688,3140700,71.3499984741211,69.94999694824219,69.94999694824219
02-03-2018,68.51000213623047,68.51000213623047,2889000,74.12000274658203,73.7699966430664,73.7699966430664
05-03-2018,72.91000366210938,72.94000244140625,2654100,77.30000305175781,77.02999877929688,77.02999877929688
06-03-2018,76.41000366210938,76.9800033569336,1989000,78.11000061035156,76.73999786376953,76.73999786376953
07-03-2018,75.5999984741211,76.0,1303500,78.19000244140625,77.87999725341797,77.87999725341797
08-03-2018,77.06999969482422,78.16000366210938,1031800,78.27999877929688,77.69000244140625,77.69000244140625
09-03-2018,76.30000305175781,76.5199966430664,2506300,77.95999908447266,77.18000030517578,77.18000030517578
12-03-2018,76.55000305175781,77.4800033569336,867000,78.06999969482422,77.63999938964844,77.63999938964844
13-03-2018,76.23999786376953,77.86000061035156,1176200,77.86000061035156,76.44999694824219,76.44999694824219
14-03-2018,75.76000213623047,76.95999908447266,1138100,78.18000030517578,77.44999694824219,77.44999694824219
15-03-2018,76.45999908447266,77.43000030517578,740000,77.91999816894531,77.13999938964844,77.13999938964844
16-03-2018,76.30999755859375,77.13999938964844,1334000,77.25,76.38999938964844,76.38999938964844
19-03-2018,75.0999984741211,76.26000213623047,1828400,77.81999969482422,76.33999633789062,76.33999633789062
20-03-2018,75.7699966430664,76.37000274658203,839200,77.66000366210938,77.27999877929688,77.27999877929688
21-03-2018,75.87000274658203,76.97000122070312,762600,77.0999984741211,76.30000305175781,76.30000305175781
22-03-2018,75.06999969482422,75.47000122070312,867000,76.79000091552734,75.08000183105469,75.08000183105469
23-03-2018,74.20999908447266,75.27999877929688,1099100,76.62000274658203,74.30000305175781,74.30000305175781
26-03-2018,74.5199966430664,75.77999877929688,1005200,75.98999786376953,75.55999755859375,75.55999755859375
27-03-2018,72.27999877929688,76.22000122070312,1101100,76.3499984741211,72.80999755859375,72.80999755859375
28-03-2018,70.94999694824219,72.87000274658203,1616200,73.11000061035156,71.47000122070312,71.47000122070312
29-03-2018,71.04000091552734,71.63999938964844,939100,74.08000183105469,73.0199966430664,73.0199966430664
02-04-2018,70.72000122070312,72.69000244140625,1022800,72.72000122070312,71.44000244140625,71.44000244140625
03-04-2018,70.94999694824219,72.37000274658203,1613200,73.47000122070312,72.0,72.0
04-04-2018,70.5,70.58999633789062,1207200,72.91000366210938,72.80000305175781,72.80000305175781
05-04-2018,72.19000244140625,73.54000091552734,935500,73.88999938964844,72.81999969482422,72.81999969482422
06-04-2018,70.4000015258789,72.19999694824219,602500,72.8499984741211,70.91999816894531,70.91999816894531
09-04-2018,70.41000366210938,71.44000244140625,872800,71.93000030517578,70.55000305175781,70.55000305175781
10-04-2018,70.63999938964844,71.61000061035156,910800,72.3499984741211,71.86000061035156,71.86000061035156
11-04-2018,71.5999984741211,71.70999908447266,701900,73.36000061035156,72.2699966430664,72.2699966430664
12-04-2018,72.33999633789062,72.75,1255700,73.86000061035156,73.27999877929688,73.27999877929688
13-04-2018,71.66999816894531,73.88999938964844,657000,73.98999786376953,72.05999755859375,72.05999755859375
16-04-2018,71.51000213623047,72.58999633789062,778800,72.80999755859375,71.87000274658203,71.87000274658203
17-04-2018,72.3499984741211,72.45999908447266,1495900,74.58000183105469,74.41000366210938,74.41000366210938
18-04-2018,73.94000244140625,74.69000244140625,1340800,75.56999969482422,74.87000274658203,74.87000274658203
19-04-2018,74.05999755859375,74.5199966430664,837000,75.11000061035156,74.56999969482422,74.56999969482422
20-04-2018,72.69999694824219,74.43000030517578,695400,74.69999694824219,72.8499984741211,72.8499984741211
23-04-2018,72.06999969482422,73.3499984741211,474100,73.77999877929688,72.44999694824219,72.44999694824219
24-04-2018,68.91000366210938,72.55999755859375,1286200,73.0,70.08000183105469,70.08000183105469
25-04-2018,68.11000061035156,70.0,729000,70.26000213623047,69.41999816894531,69.41999816894531
26-04-2018,69.12999725341797,69.8499984741211,619800,70.83999633789062,70.66000366210938,70.66000366210938
27-04-2018,70.23999786376953,71.30999755859375,1016700,71.47000122070312,70.91999816894531,70.91999816894531
30-04-2018,70.12999725341797,71.12999725341797,419500,71.58000183105469,70.12999725341797,70.12999725341797
01-05-2018,69.43000030517578,69.66000366210938,725600,70.98999786376953,70.93000030517578,70.93000030517578
02-05-2018,70.30999755859375,70.81999969482422,513400,71.73999786376953,70.69000244140625,70.69000244140625
03-05-2018,69.37999725341797,70.37999725341797,655600,71.2699966430664,70.79000091552734,70.79000091552734
04-05-2018,70.20999908447266,70.37999725341797,630300,73.30000305175781,72.7300033569336,72.7300033569336
07-05-2018,73.16000366210938,73.38999938964844,549000,73.97000122070312,73.56999969482422,73.56999969482422
08-05-2018,72.77999877929688,73.38999938964844,668200,74.54000091552734,73.7699966430664,73.7699966430664
09-05-2018,74.0,74.05000305175781,1175900,76.55000305175781,76.16000366210938,76.16000366210938
10-05-2018,76.20999908447266,76.5199966430664,588000,77.30999755859375,77.0,77.0
11-05-2018,77.02999877929688,77.02999877929688,982000,78.05000305175781,77.70999908447266,77.70999908447266
14-05-2018,76.38999938964844,78.0,1292500,79.1500015258789,76.75,76.75
15-05-2018,74.5,76.0,772900,76.75,75.68000030517578,75.68000030517578
16-05-2018,75.26000213623047,75.69999694824219,860300,77.5999984741211,76.68000030517578,76.68000030517578
17-05-2018,75.44000244140625,76.5,629500,77.20999908447266,76.1500015258789,76.1500015258789
18-05-2018,76.01000213623047,76.16999816894531,1266000,77.72000122070312,77.29000091552734,77.29000091552734
21-05-2018,76.33000183105469,77.66000366210938,703700,78.47000122070312,76.55000305175781,76.55000305175781
22-05-2018,75.05999755859375,76.72000122070312,861100,76.73999786376953,75.41000366210938,75.41000366210938
23-05-2018,74.58999633789062,74.6500015258789,652900,76.87999725341797,76.76000213623047,76.76000213623047
24-05-2018,76.37000274658203,76.80000305175781,1190200,77.62999725341797,77.16999816894531,77.16999816894531
25-05-2018,75.63999938964844,76.5,2754700,79.95999908447266,77.04000091552734,77.04000091552734
29-05-2018,75.38999938964844,76.75,1092900,77.51000213623047,75.80999755859375,75.80999755859375
30-05-2018,76.25,76.31999969482422,1214500,77.30999755859375,76.94999694824219,76.94999694824219
31-05-2018,76.75,77.25,1575900,77.95999908447266,77.36000061035156,77.36000061035156
01-06-2018,78.0,78.0,1492200,80.51000213623047,79.77999877929688,79.77999877929688
04-06-2018,79.0199966430664,79.5,2233300,81.58999633789062,81.44000244140625,81.44000244140625
05-06-2018,80.72000122070312,81.75,1578800,82.66000366210938,81.5199966430664,81.5199966430664
06-06-2018,81.13999938964844,81.72000122070312,720800,82.25,81.87000274658203,81.87000274658203
07-06-2018,78.33000183105469,82.19000244140625,1663200,82.43000030517578,79.31999969482422,79.31999969482422
08-06-2018,78.75,79.2300033569336,999100,80.41999816894531,79.52999877929688,79.52999877929688
11-06-2018,78.69000244140625,79.51000213623047,863300,80.19000244140625,79.6500015258789,79.6500015258789
12-06-2018,80.04000091552734,80.36000061035156,1199000,81.30000305175781,81.0199966430664,81.0199966430664
13-06-2018,81.12999725341797,81.33000183105469,982700,82.0,81.66999816894531,81.66999816894531
14-06-2018,82.05000305175781,82.08999633789062,1193800,83.69999694824219,83.02999877929688,83.02999877929688
15-06-2018,81.83999633789062,82.69000244140625,1605200,83.9000015258789,83.44000244140625,83.44000244140625
18-06-2018,82.01000213623047,82.05000305175781,1749200,84.04000091552734,83.20999908447266,83.20999908447266
19-06-2018,80.70999908447266,82.16999816894531,1089600,83.36000061035156,83.16999816894531,83.16999816894531
20-06-2018,83.83000183105469,83.83000183105469,894600,84.88999938964844,84.52999877929688,84.52999877929688
21-06-2018,82.45999908447266,84.7300033569336,902300,85.0,83.55999755859375,83.55999755859375
22-06-2018,81.4800033569336,83.91000366210938,1683900,84.08000183105469,82.83999633789062,82.83999633789062
25-06-2018,78.23999786376953,82.80000305175781,1523000,82.80000305175781,78.75,78.75
26-06-2018,78.22000122070312,79.01000213623047,992900,79.87000274658203,78.47000122070312,78.47000122070312
27-06-2018,75.20999908447266,78.58999633789062,1523300,79.13999938964844,75.37000274658203,75.37000274658203
28-06-2018,73.75,75.05999755859375,1886100,76.30999755859375,76.19999694824219,76.19999694824219
29-06-2018,76.5,76.94000244140625,956200,77.69000244140625,76.86000061035156,76.86000061035156
02-07-2018,75.73999786376953,76.0199966430664,692900,78.2300033569336,78.20999908447266,78.20999908447266
03-07-2018,77.44999694824219,78.83000183105469,488500,79.0,78.23999786376953,78.23999786376953
05-07-2018,77.44999694824219,78.58000183105469,834000,78.83999633789062,78.5999984741211,78.5999984741211
06-07-2018,78.56999969482422,78.69999694824219,739900,79.8499984741211,79.7300033569336,79.7300033569336
09-07-2018,78.36000061035156,80.3499984741211,782700,80.72000122070312,80.19999694824219,80.19999694824219
10-07-2018,79.33999633789062,80.13999938964844,544500,80.43000030517578,79.44999694824219,79.44999694824219
11-07-2018,78.70999908447266,78.70999908447266,509300,80.44000244140625,80.30999755859375,80.30999755859375
12-07-2018,80.55000305175781,80.97000122070312,675100,82.55999755859375,82.51000213623047,82.51000213623047
13-07-2018,81.7300033569336,82.2699966430664,587300,82.80000305175781,82.52999877929688,82.52999877929688
16-07-2018,82.01000213623047,82.8499984741211,374100,83.19000244140625,82.2300033569336,82.2300033569336
17-07-2018,81.0,81.31999969482422,550500,83.08000183105469,82.75,82.75
18-07-2018,82.0,83.02999877929688,679400,83.62999725341797,83.61000061035156,83.61000061035156
19-07-2018,82.8499984741211,83.43000030517578,423200,84.22000122070312,83.26000213623047,83.26000213623047
20-07-2018,82.66000366210938,83.61000061035156,467700,83.69999694824219,83.0999984741211,83.0999984741211
23-07-2018,82.0999984741211,83.02999877929688,473200,83.98999786376953,83.7300033569336,83.7300033569336
24-07-2018,80.04000091552734,83.91999816894531,926800,84.23999786376953,80.19000244140625,80.19000244140625
25-07-2018,80.47000122070312,80.69000244140625,888000,83.01000213623047,82.69999694824219,82.69999694824219
26-07-2018,81.18000030517578,82.55000305175781,928600,83.58000183105469,82.80999755859375,82.80999755859375
27-07-2018,78.45999908447266,83.62999725341797,993900,83.63999938964844,79.0,79.0
30-07-2018,74.2300033569336,78.80000305175781,1364300,78.94000244140625,75.16000366210938,75.16000366210938
31-07-2018,73.47000122070312,75.23999786376953,937300,76.69000244140625,75.62999725341797,75.62999725341797
01-08-2018,75.68000030517578,75.68000030517578,892200,78.51000213623047,78.5,78.5
02-08-2018,77.80000305175781,78.08999633789062,705600,80.62000274658203,80.5,80.5
03-08-2018,78.44000244140625,80.31999969482422,1072000,80.38999938964844,79.58000183105469,79.58000183105469
06-08-2018,78.4000015258789,79.0199966430664,506600,80.93000030517578,80.91000366210938,80.91000366210938
07-08-2018,80.5999984741211,81.16000366210938,416900,81.95999908447266,81.30999755859375,81.30999755859375
08-08-2018,80.83000183105469,81.87999725341797,638100,82.37000274658203,82.0,82.0
09-08-2018,81.69999694824219,81.80000305175781,548000,84.06999969482422,83.02999877929688,83.02999877929688
10-08-2018,81.68000030517578,82.56999969482422,448100,84.5,83.51000213623047,83.51000213623047
13-08-2018,83.56999969482422,83.56999969482422,1064500,85.97000122070312,83.69999694824219,83.69999694824219
14-08-2018,82.33999633789062,83.86000061035156,645200,85.05000305175781,84.9800033569336,84.9800033569336
15-08-2018,82.58000183105469,84.37999725341797,850500,85.33999633789062,82.76000213623047,82.76000213623047
16-08-2018,83.0199966430664,83.83000183105469,982300,85.04000091552734,84.70999908447266,84.70999908447266
17-08-2018,83.4800033569336,84.70999908447266,895000,85.33000183105469,84.72000122070312,84.72000122070312
20-08-2018,84.44000244140625,85.3499984741211,1083600,86.5199966430664,85.56999969482422,85.56999969482422
21-08-2018,85.69000244140625,85.69000244140625,1195200,87.76000213623047,87.08999633789062,87.08999633789062
22-08-2018,86.69999694824219,86.93000030517578,1019500,89.19000244140625,88.98999786376953,88.98999786376953
23-08-2018,88.52999877929688,89.0199966430664,2067100,90.7300033569336,89.5199966430664,89.5199966430664
24-08-2018,91.1500015258789,91.1500015258789,4414400,101.0999984741211,100.63999938964844,100.63999938964844
27-08-2018,100.70999908447266,101.4800033569336,2144900,103.48999786376953,102.08000183105469,102.08000183105469
28-08-2018,100.68000030517578,102.5,1677000,103.55999755859375,102.72000122070312,102.72000122070312
29-08-2018,102.94999694824219,103.0,1235600,104.54000091552734,103.62000274658203,103.62000274658203
30-08-2018,102.58999633789062,103.20999908447266,1146700,104.31999969482422,103.4000015258789,103.4000015258789
31-08-2018,102.9000015258789,103.3499984741211,1114100,104.76000213623047,104.36000061035156,104.36000061035156
04-09-2018,103.58999633789062,104.20999908447266,1201600,105.04000091552734,104.25,104.25
05-09-2018,98.31999969482422,103.5199966430664,2205100,103.68000030517578,101.0,101.0
06-09-2018,100.05999755859375,101.43000030517578,1163700,102.06999969482422,101.70999908447266,101.70999908447266
07-09-2018,100.30000305175781,100.47000122070312,1086500,103.61000061035156,102.06999969482422,102.06999969482422
10-09-2018,101.2699966430664,103.38999938964844,903300,103.38999938964844,102.45999908447266,102.45999908447266
11-09-2018,102.06999969482422,102.69999694824219,954200,104.37999725341797,103.45999908447266,103.45999908447266
12-09-2018,101.23999786376953,103.48999786376953,859500,104.69999694824219,104.61000061035156,104.61000061035156
13-09-2018,104.80999755859375,105.0,933200,107.44000244140625,105.30999755859375,105.30999755859375
14-09-2018,105.83000183105469,106.44000244140625,1171700,107.56999969482422,106.91999816894531,106.91999816894531
17-09-2018,104.19000244140625,107.11000061035156,1106700,107.7699966430664,104.4800033569336,104.4800033569336
18-09-2018,104.11000061035156,104.33000183105469,789900,106.94999694824219,105.19999694824219,105.19999694824219
19-09-2018,102.05000305175781,104.8499984741211,1369000,105.18000030517578,103.18000030517578,103.18000030517578
20-09-2018,101.88999938964844,103.56999969482422,1669000,105.04000091552734,103.06999969482422,103.06999969482422
21-09-2018,102.75,103.05000305175781,1699900,104.5199966430664,103.91000366210938,103.91000366210938
24-09-2018,102.29000091552734,103.66999816894531,1759200,105.41000366210938,105.13999938964844,105.13999938964844
25-09-2018,102.62000274658203,103.81999969482422,1642500,104.93000030517578,104.3499984741211,104.3499984741211
26-09-2018,103.2300033569336,104.70999908447266,1042600,105.05000305175781,104.45999908447266,104.45999908447266
27-09-2018,104.68000030517578,104.68000030517578,1201600,106.8499984741211,106.68000030517578,106.68000030517578
28-09-2018,106.5,106.5,1562700,109.05000305175781,108.87000274658203,108.87000274658203
01-10-2018,105.18000030517578,107.48999786376953,1797000,108.55000305175781,105.19999694824219,105.19999694824219
02-10-2018,103.0999984741211,105.3499984741211,1315600,106.0999984741211,103.19999694824219,103.19999694824219
03-10-2018,100.75,103.12999725341797,1136400,104.70999908447266,104.4000015258789,104.4000015258789
04-10-2018,96.94999694824219,104.08999633789062,2494400,104.62000274658203,98.13999938964844,98.13999938964844
05-10-2018,95.7300033569336,99.6500015258789,2802800,102.01000213623047,98.04000091552734,98.04000091552734
08-10-2018,93.55000305175781,97.16999816894531,1820400,98.1500015258789,95.06999969482422,95.06999969482422
09-10-2018,94.02999877929688,94.47000122070312,1529500,97.87999725341797,94.30999755859375,94.30999755859375
10-10-2018,89.27999877929688,93.5,1782900,93.83000183105469,89.38999938964844,89.38999938964844
11-10-2018,88.12999725341797,88.9800033569336,1241900,92.33999633789062,89.19999694824219,89.19999694824219
12-10-2018,89.83999633789062,93.0,1219300,93.37000274658203,91.55999755859375,91.55999755859375
15-10-2018,88.66999816894531,91.22000122070312,967900,91.5199966430664,90.33000183105469,90.33000183105469
16-10-2018,91.66999816894531,92.06999969482422,1280900,95.55999755859375,95.30000305175781,95.30000305175781
17-10-2018,94.19999694824219,95.76000213623047,1226600,96.11000061035156,95.54000091552734,95.54000091552734
18-10-2018,91.4800033569336,95.54000091552734,1679800,96.38999938964844,93.5,93.5
19-10-2018,91.0999984741211,94.52999877929688,1662000,95.37999725341797,91.62999725341797,91.62999725341797
22-10-2018,89.80000305175781,91.62999725341797,1427400,92.31999969482422,91.62000274658203,91.62000274658203
23-10-2018,87.30999755859375,88.69000244140625,1781500,89.97000122070312,89.20999908447266,89.20999908447266
24-10-2018,85.05000305175781,89.44999694824219,1964100,90.98999786376953,85.05999755859375,85.05999755859375
25-10-2018,85.0999984741211,86.2699966430664,1006900,88.37000274658203,87.3499984741211,87.3499984741211
26-10-2018,82.61000061035156,84.44000244140625,1617900,86.7699966430664,83.41000366210938,83.41000366210938
29-10-2018,82.37999725341797,85.69999694824219,2407200,86.69000244140625,83.68000030517578,83.68000030517578
30-10-2018,82.79000091552734,83.3499984741211,2071700,88.2300033569336,88.1500015258789,88.1500015258789
31-10-2018,89.83000183105469,89.83000183105469,1888200,92.79000091552734,91.3499984741211,91.3499984741211
01-11-2018,89.41000366210938,91.63999938964844,1086400,92.80999755859375,92.44000244140625,92.44000244140625
02-11-2018,91.4800033569336,92.83000183105469,1022900,94.33999633789062,92.2300033569336,92.2300033569336
05-11-2018,89.6500015258789,91.93000030517578,1687400,92.44000244140625,92.22000122070312,92.22000122070312
06-11-2018,90.4800033569336,91.93000030517578,1287900,93.9000015258789,92.05999755859375,92.05999755859375
07-11-2018,93.47000122070312,93.5999984741211,1364000,98.08999633789062,97.1500015258789,97.1500015258789
08-11-2018,96.01000213623047,97.33999633789062,1260600,98.27999877929688,96.62999725341797,96.62999725341797
09-11-2018,92.05000305175781,96.19000244140625,1472100,96.19000244140625,93.5999984741211,93.5999984741211
12-11-2018,89.27999877929688,92.91999816894531,919900,93.12999725341797,89.72000122070312,89.72000122070312
13-11-2018,89.12000274658203,90.37999725341797,771600,92.6500015258789,90.5199966430664,90.5199966430664
14-11-2018,88.36000061035156,91.23999786376953,682600,92.98999786376953,89.6500015258789,89.6500015258789
15-11-2018,88.01000213623047,89.52999877929688,749700,92.76000213623047,92.43000030517578,92.43000030517578
16-11-2018,90.16999816894531,91.7699966430664,758000,93.56999969482422,92.44000244140625,92.44000244140625
19-11-2018,84.08999633789062,91.7699966430664,1731400,92.4800033569336,84.76000213623047,84.76000213623047
20-11-2018,79.61000061035156,80.8499984741211,1792900,86.66999816894531,85.55000305175781,85.55000305175781
21-11-2018,86.87000274658203,87.33000183105469,1140200,90.13999938964844,89.11000061035156,89.11000061035156
23-11-2018,87.5199966430664,87.86000061035156,450500,90.9800033569336,88.87000274658203,88.87000274658203
26-11-2018,89.48999786376953,90.87999725341797,1108600,91.63999938964844,91.61000061035156,91.61000061035156
27-11-2018,89.51000213623047,90.77999877929688,1525100,91.61000061035156,89.79000091552734,89.79000091552734
28-11-2018,92.41999816894531,93.31999969482422,2877400,98.02999877929688,97.79000091552734,97.79000091552734
29-11-2018,94.01000213623047,97.5,4632800,101.38999938964844,98.69000244140625,98.69000244140625
30-11-2018,94.36000061035156,98.80000305175781,2542000,99.6500015258789,96.16000366210938,96.16000366210938
03-12-2018,96.76000213623047,99.16999816894531,1819400,99.20999908447266,98.9000015258789,98.9000015258789
04-12-2018,90.30999755859375,97.98999786376953,3450400,100.16000366210938,93.0,93.0
06-12-2018,88.30000305175781,89.0999984741211,2541800,92.5999984741211,92.33999633789062,92.33999633789062
07-12-2018,88.3499984741211,92.3499984741211,1587200,92.94000244140625,88.55999755859375,88.55999755859375
10-12-2018,87.69000244140625,88.20999908447266,1903800,91.25,90.04000091552734,90.04000091552734
11-12-2018,89.55999755859375,91.5,823500,93.0,90.41000366210938,90.41000366210938
12-12-2018,91.23999786376953,92.2300033569336,1122600,93.08000183105469,92.04000091552734,92.04000091552734
13-12-2018,91.2300033569336,92.95999908447266,879700,93.61000061035156,92.11000061035156,92.11000061035156
14-12-2018,89.5,90.44999694824219,1016900,92.61000061035156,91.38999938964844,91.38999938964844
17-12-2018,85.4000015258789,89.5,1394000,89.95999908447266,86.0199966430664,86.0199966430664
18-12-2018,86.37999725341797,86.87999725341797,1076400,88.31999969482422,87.8499984741211,87.8499984741211
19-12-2018,85.48999786376953,88.16999816894531,1107600,90.94000244140625,87.05999755859375,87.05999755859375
20-12-2018,82.51000213623047,86.55999755859375,1306000,87.5999984741211,85.41999816894531,85.41999816894531
21-12-2018,79.26000213623047,85.25,2928700,85.5199966430664,80.98999786376953,80.98999786376953
24-12-2018,79.68000030517578,80.1500015258789,791600,82.27999877929688,80.01000213623047,80.01000213623047
26-12-2018,80.22000122070312,80.38999938964844,1001400,86.94000244140625,86.93000030517578,86.93000030517578
27-12-2018,83.5,84.75,1321900,87.52999877929688,87.52999877929688,87.52999877929688
28-12-2018,85.37000274658203,87.75,761200,88.66000366210938,87.55000305175781,87.55000305175781
31-12-2018,88.22000122070312,88.51000213623047,882300,89.69000244140625,89.31999969482422,89.31999969482422
02-01-2019,86.7699966430664,87.55000305175781,1381200,89.05999755859375,87.48999786376953,87.48999786376953
03-01-2019,82.41000366210938,85.95999908447266,1883800,86.73999786376953,84.88999938964844,84.88999938964844
04-01-2019,86.51000213623047,86.76000213623047,2510700,92.05000305175781,90.98999786376953,90.98999786376953
07-01-2019,91.30000305175781,91.58999633789062,1253500,94.55000305175781,94.08999633789062,94.08999633789062
08-01-2019,92.6500015258789,95.91000366210938,1426000,96.73999786376953,94.77999877929688,94.77999877929688
09-01-2019,95.26000213623047,96.13999938964844,1039800,97.98999786376953,96.51000213623047,96.51000213623047
10-01-2019,95.0,95.31999969482422,1049400,98.3499984741211,97.97000122070312,97.97000122070312
11-01-2019,97.31999969482422,97.7699966430664,1124700,99.69999694824219,98.66999816894531,98.66999816894531
14-01-2019,96.73999786376953,97.5999984741211,869000,98.08000183105469,97.26000213623047,97.26000213623047
15-01-2019,97.5999984741211,97.61000061035156,2307400,102.3499984741211,101.4000015258789,101.4000015258789
16-01-2019,100.58999633789062,102.45999908447266,1267600,104.69000244140625,101.66999816894531,101.66999816894531
17-01-2019,100.77999877929688,100.77999877929688,990200,103.87000274658203,103.44999694824219,103.44999694824219
18-01-2019,103.66999816894531,104.58000183105469,1410200,106.73999786376953,106.02999877929688,106.02999877929688
22-01-2019,102.55000305175781,105.72000122070312,1511300,106.48999786376953,103.11000061035156,103.11000061035156
23-01-2019,102.69999694824219,104.12000274658203,623400,105.0,103.6500015258789,103.6500015258789
24-01-2019,103.81999969482422,104.0199966430664,902400,105.54000091552734,105.48999786376953,105.48999786376953
25-01-2019,106.51000213623047,106.69000244140625,1262600,109.41999816894531,109.19999694824219,109.19999694824219
28-01-2019,106.63999938964844,108.19999694824219,1124200,109.02999877929688,107.25,107.25
29-01-2019,104.68000030517578,107.25,997100,107.52999877929688,104.93000030517578,104.93000030517578
30-01-2019,105.91000366210938,105.94000244140625,698500,108.5999984741211,108.38999938964844,108.38999938964844
31-01-2019,107.70999908447266,108.37000274658203,1915300,110.0,109.05999755859375,109.05999755859375
01-02-2019,107.83999633789062,109.0,1887900,113.31999969482422,113.2699966430664,113.2699966430664
04-02-2019,113.66000366210938,113.94999694824219,1901300,116.20999908447266,114.6500015258789,114.6500015258789
05-02-2019,114.80000305175781,115.8499984741211,1150700,116.30000305175781,115.9000015258789,115.9000015258789
06-02-2019,113.54000091552734,115.9000015258789,982800,117.27999877929688,116.54000091552734,116.54000091552734
07-02-2019,112.68000030517578,115.23999786376953,1444500,115.66999816894531,112.94000244140625,112.94000244140625
08-02-2019,110.61000061035156,111.61000061035156,1331300,115.76000213623047,115.20999908447266,115.20999908447266
11-02-2019,115.26000213623047,116.70999908447266,824300,117.97000122070312,115.94999694824219,115.94999694824219
12-02-2019,116.38999938964844,116.7699966430664,1117500,118.87000274658203,118.66999816894531,118.66999816894531
13-02-2019,117.7699966430664,119.0,1047400,120.0999984741211,118.97000122070312,118.97000122070312
14-02-2019,117.19999694824219,117.98999786376953,975500,120.91000366210938,120.5999984741211,120.5999984741211
15-02-2019,120.29000091552734,121.5,1012200,122.12000274658203,120.80999755859375,120.80999755859375
19-02-2019,119.7300033569336,120.80999755859375,1248800,122.7300033569336,120.4000015258789,120.4000015258789
20-02-2019,117.13999938964844,120.22000122070312,1727300,120.98999786376953,118.0,118.0
21-02-2019,115.87000274658203,117.8499984741211,1474900,118.5,116.8499984741211,116.8499984741211
22-02-2019,117.12999725341797,117.33000183105469,1254400,119.3499984741211,118.69000244140625,118.69000244140625
25-02-2019,118.9000015258789,120.0999984741211,1603500,121.19000244140625,119.77999877929688,119.77999877929688
26-02-2019,117.72000122070312,119.48999786376953,2246000,120.38999938964844,119.72000122070312,119.72000122070312
27-02-2019,113.83999633789062,118.83000183105469,3424200,124.0,116.23999786376953,116.23999786376953
28-02-2019,115.77999877929688,116.0,1709300,119.62999725341797,117.91000366210938,117.91000366210938
01-03-2019,117.7699966430664,118.8499984741211,1428600,120.69000244140625,120.23999786376953,120.23999786376953
04-03-2019,111.63999938964844,121.19999694824219,2297800,121.48999786376953,115.23999786376953,115.23999786376953
05-03-2019,113.52999877929688,114.2699966430664,980500,116.55999755859375,115.52999877929688,115.52999877929688
06-03-2019,111.9000015258789,115.06999969482422,1372300,115.13999938964844,113.44999694824219,113.44999694824219
07-03-2019,112.05999755859375,113.05999755859375,1238600,115.16999816894531,113.77999877929688,113.77999877929688
08-03-2019,110.2300033569336,111.04000091552734,1916900,114.69999694824219,114.54000091552734,114.54000091552734
11-03-2019,115.0,115.02999877929688,1580500,118.7300033569336,118.4800033569336,118.4800033569336
12-03-2019,117.5,119.08999633789062,1348200,119.79000091552734,119.04000091552734,119.04000091552734
13-03-2019,119.05000305175781,119.72000122070312,1223700,122.66000366210938,121.4000015258789,121.4000015258789
14-03-2019,120.5199966430664,121.25,1219200,122.62999725341797,122.31999969482422,122.31999969482422
15-03-2019,122.11000061035156,122.58000183105469,3262700,123.5999984741211,122.36000061035156,122.36000061035156
18-03-2019,120.37999725341797,122.73999786376953,1132100,124.0,122.44999694824219,122.44999694824219
19-03-2019,120.98999786376953,122.94000244140625,1037300,124.52999877929688,124.16999816894531,124.16999816894531
20-03-2019,122.16999816894531,124.13999938964844,840200,125.38999938964844,124.56999969482422,124.56999969482422
21-03-2019,123.94999694824219,123.98999786376953,1013100,128.82000732421875,128.6199951171875,128.6199951171875
22-03-2019,122.26000213623047,127.52999877929688,1423300,127.86000061035156,123.12000274658203,123.12000274658203
25-03-2019,121.58000183105469,122.72000122070312,1035900,124.11000061035156,123.44999694824219,123.44999694824219
26-03-2019,123.94000244140625,125.13999938964844,889900,125.88999938964844,125.56999969482422,125.56999969482422
27-03-2019,120.5199966430664,125.54000091552734,895300,125.81999969482422,123.44000244140625,123.44000244140625
28-03-2019,122.08999633789062,124.0,688500,124.66999816894531,124.08999633789062,124.08999633789062
29-03-2019,124.30000305175781,125.36000061035156,812200,127.0,126.86000061035156,126.86000061035156
01-04-2019,125.55999755859375,128.0,847200,129.8699951171875,126.76000213623047,126.76000213623047
02-04-2019,126.45999908447266,127.29000091552734,676800,128.91000366210938,128.6999969482422,128.6999969482422
03-04-2019,129.14999389648438,129.7100067138672,1015300,131.47000122070312,130.9600067138672,130.9600067138672
04-04-2019,126.54000091552734,131.47999572753906,1370700,131.8800048828125,129.07000732421875,129.07000732421875
05-04-2019,128.75,129.72000122070312,890200,130.8000030517578,130.1999969482422,130.1999969482422
08-04-2019,127.3499984741211,130.0800018310547,881700,130.99000549316406,130.97999572753906,130.97999572753906
09-04-2019,130.24000549316406,130.63999938964844,806600,132.64999389648438,131.8800048828125,131.8800048828125
10-04-2019,132.02999877929688,132.02999877929688,1624600,136.97000122070312,135.9600067138672,135.9600067138672
11-04-2019,134.5800018310547,136.11000061035156,918900,136.64999389648438,135.49000549316406,135.49000549316406
12-04-2019,134.63999938964844,136.88999938964844,1149300,137.25999450683594,134.75,134.75
15-04-2019,132.05999755859375,134.6300048828125,1276100,135.22999572753906,132.6300048828125,132.6300048828125
16-04-2019,132.77999877929688,134.05999755859375,1229600,135.86000061035156,133.3000030517578,133.3000030517578
17-04-2019,128.5,134.4199981689453,1430900,134.85000610351562,128.82000732421875,128.82000732421875
18-04-2019,125.06999969482422,128.35000610351562,1436700,129.25999450683594,127.83000183105469,127.83000183105469
22-04-2019,127.4800033569336,127.4800033569336,1052300,134.32000732421875,134.05999755859375,134.05999755859375
23-04-2019,133.9499969482422,134.13999938964844,1233600,137.52999877929688,136.5399932861328,136.5399932861328
24-04-2019,135.58999633789062,137.0,823400,138.0500030517578,136.64999389648438,136.64999389648438
25-04-2019,135.24000549316406,137.39999389648438,695100,138.8800048828125,137.11000061035156,137.11000061035156
26-04-2019,136.27999877929688,137.07000732421875,870000,139.75,139.24000549316406,139.24000549316406
29-04-2019,140.0,140.0,1127900,142.2100067138672,141.5500030517578,141.5500030517578
30-04-2019,138.72000122070312,141.02999877929688,753500,141.9199981689453,139.8699951171875,139.8699951171875
01-05-2019,138.00999450683594,141.1199951171875,778600,141.74000549316406,138.38999938964844,138.38999938964844
02-05-2019,137.24000549316406,138.10000610351562,604900,141.36000061035156,140.91000366210938,140.91000366210938
03-05-2019,140.55999755859375,141.8800048828125,717600,143.9600067138672,142.5800018310547,142.5800018310547
06-05-2019,138.1199951171875,138.1199951171875,797000,143.4199981689453,142.94000244140625,142.94000244140625
07-05-2019,138.4199981689453,141.24000549316406,778000,142.57000732421875,139.6199951171875,139.6199951171875
08-05-2019,138.58999633789062,139.50999450683594,503400,142.25,141.41000366210938,141.41000366210938
09-05-2019,137.5399932861328,139.80999755859375,591000,143.1699981689453,142.0800018310547,142.0800018310547
10-05-2019,139.92999267578125,141.27999877929688,857200,145.22999572753906,144.52999877929688,144.52999877929688
13-05-2019,134.72000122070312,140.11000061035156,1421200,141.22999572753906,134.9199981689453,134.9199981689453
14-05-2019,136.80999755859375,137.24000549316406,1700900,141.4600067138672,140.0,140.0
15-05-2019,138.9600067138672,139.0,951300,143.89999389648438,142.60000610351562,142.60000610351562
16-05-2019,142.6199951171875,142.69000244140625,1322700,145.6999969482422,144.2100067138672,144.2100067138672
17-05-2019,139.6199951171875,141.83999633789062,1012000,144.69000244140625,141.75999450683594,141.75999450683594
20-05-2019,137.3000030517578,139.1999969482422,911900,141.39999389648438,140.66000366210938,140.66000366210938
21-05-2019,142.1199951171875,142.1199951171875,833300,144.0,143.11000061035156,143.11000061035156
22-05-2019,141.2100067138672,141.77999877929688,736500,145.0800018310547,144.42999267578125,144.42999267578125
23-05-2019,138.88999938964844,142.63999938964844,1127600,143.19000244140625,140.94000244140625,140.94000244140625
24-05-2019,138.4199981689453,138.5,1411800,142.02000427246094,139.38999938964844,139.38999938964844
28-05-2019,139.41000366210938,140.0,1780600,142.5,139.5399932861328,139.5399932861328
29-05-2019,134.02000427246094,138.88999938964844,2363100,138.91000366210938,134.49000549316406,134.49000549316406
30-05-2019,145.5,147.60000610351562,6239900,156.92999267578125,154.3000030517578,154.3000030517578
31-05-2019,151.00999450683594,152.39999389648438,2851800,156.97999572753906,154.2899932861328,154.2899932861328
03-06-2019,147.63999938964844,154.86000061035156,2287900,156.0,149.2100067138672,149.2100067138672
04-06-2019,149.85000610351562,150.3300018310547,2324200,155.97000122070312,155.5800018310547,155.5800018310547
05-06-2019,154.89999389648438,156.86000061035156,1951100,159.8000030517578,158.08999633789062,158.08999633789062
06-06-2019,157.25999450683594,158.35000610351562,1993400,161.77999877929688,159.0,159.0
07-06-2019,160.0399932861328,160.58999633789062,1949700,164.60000610351562,162.1999969482422,162.1999969482422
10-06-2019,162.36000061035156,166.4199981689453,2039000,166.92999267578125,162.50999450683594,162.50999450683594
11-06-2019,160.38999938964844,163.9499969482422,1221600,165.49000549316406,164.44000244140625,164.44000244140625
12-06-2019,164.0800018310547,164.75,1715100,167.9199981689453,167.02000427246094,167.02000427246094
13-06-2019,165.27000427246094,167.5,868100,168.4600067138672,166.3300018310547,166.3300018310547
14-06-2019,164.5,166.0399932861328,747800,167.3699951171875,164.6300048828125,164.6300048828125
17-06-2019,164.60000610351562,165.60000610351562,915500,167.36000061035156,166.4600067138672,166.4600067138672
18-06-2019,166.83999633789062,167.89999389648438,888900,169.7899932861328,167.22000122070312,167.22000122070312
19-06-2019,165.75999450683594,167.6300048828125,1431500,170.0399932861328,169.7899932861328,169.7899932861328
20-06-2019,168.67999267578125,172.50999450683594,1938100,173.64999389648438,171.14999389648438,171.14999389648438
21-06-2019,167.85000610351562,171.0,1832900,171.1999969482422,168.92999267578125,168.92999267578125
24-06-2019,162.14999389648438,169.3800048828125,2976900,170.07000732421875,162.97000122070312,162.97000122070312
25-06-2019,155.77999877929688,164.3699951171875,3460400,164.9499969482422,157.16000366210938,157.16000366210938
26-06-2019,155.52000427246094,159.32000732421875,2374400,161.0,155.52000427246094,155.52000427246094
27-06-2019,155.0,157.24000549316406,2487200,160.99000549316406,160.50999450683594,160.50999450683594
28-06-2019,157.99000549316406,161.0,2241900,162.30999755859375,162.11000061035156,162.11000061035156
01-07-2019,160.83999633789062,165.6199951171875,1095000,165.6199951171875,163.47000122070312,163.47000122070312
02-07-2019,162.58999633789062,163.47000122070312,1717700,166.72999572753906,166.60000610351562,166.60000610351562
03-07-2019,166.5500030517578,167.16000366210938,764700,168.72999572753906,168.67999267578125,168.67999267578125
05-07-2019,165.6999969482422,167.83999633789062,747000,170.69000244140625,170.0500030517578,170.0500030517578
08-07-2019,166.91000366210938,169.39999389648438,730100,169.5,167.8699951171875,167.8699951171875
09-07-2019,166.77999877929688,167.3800048828125,1000600,172.16000366210938,171.91000366210938,171.91000366210938
10-07-2019,171.9600067138672,172.50999450683594,1194500,176.6199951171875,173.82000732421875,173.82000732421875
11-07-2019,173.3000030517578,175.27999877929688,921100,175.77999877929688,175.64999389648438,175.64999389648438
12-07-2019,173.00999450683594,176.0,885000,176.63999938964844,175.08999633789062,175.08999633789062
15-07-2019,173.69000244140625,175.5800018310547,662800,176.05999755859375,174.3300018310547,174.3300018310547
16-07-2019,170.5800018310547,174.47999572753906,1167600,176.89999389648438,171.0399932861328,171.0399932861328
17-07-2019,170.05999755859375,170.72000122070312,845400,173.0800018310547,172.75,172.75
18-07-2019,171.25,172.61000061035156,761500,174.24000549316406,173.1699981689453,173.1699981689453
19-07-2019,169.36000061035156,174.1300048828125,800100,174.25999450683594,169.49000549316406,169.49000549316406
22-07-2019,168.4199981689453,170.22999572753906,970600,170.9199981689453,168.77999877929688,168.77999877929688
23-07-2019,163.32000732421875,168.91000366210938,1720100,169.16000366210938,165.72999572753906,165.72999572753906
24-07-2019,164.60000610351562,165.9499969482422,2571200,167.0800018310547,166.05999755859375,166.05999755859375
25-07-2019,163.69000244140625,166.02999877929688,1201500,169.50999450683594,167.72000122070312,167.72000122070312
26-07-2019,167.8300018310547,168.4600067138672,884500,171.2899932861328,170.47000122070312,170.47000122070312
29-07-2019,159.25999450683594,169.88999938964844,2626000,170.0,161.75,161.75
30-07-2019,159.64999389648438,161.1699981689453,2340000,163.94000244140625,161.72999572753906,161.72999572753906
31-07-2019,161.8300018310547,162.38999938964844,1811300,168.1199951171875,165.89999389648438,165.89999389648438
01-08-2019,164.39999389648438,165.52000427246094,1169000,169.1999969482422,165.24000549316406,165.24000549316406
02-08-2019,159.7899932861328,164.30999755859375,1055000,164.6999969482422,162.80999755859375,162.80999755859375
05-08-2019,153.2100067138672,156.75,1769800,158.5800018310547,155.99000549316406,155.99000549316406
06-08-2019,158.5,158.74000549316406,1199600,161.64999389648438,160.4199981689453,160.4199981689453
07-08-2019,157.36000061035156,159.3300018310547,963600,161.36000061035156,159.85000610351562,159.85000610351562
08-08-2019,160.67999267578125,160.99000549316406,1261600,165.1300048828125,163.3000030517578,163.3000030517578
09-08-2019,160.25999450683594,161.63999938964844,662400,163.27999877929688,162.16000366210938,162.16000366210938
12-08-2019,157.35000610351562,161.0800018310547,631300,161.58999633789062,160.0,160.0
13-08-2019,158.2899932861328,158.64999389648438,916300,163.88999938964844,162.33999633789062,162.33999633789062
14-08-2019,155.2100067138672,158.9499969482422,925700,160.67999267578125,156.8699951171875,156.8699951171875
15-08-2019,157.0500030517578,158.0,839900,159.38999938964844,158.60000610351562,158.60000610351562
16-08-2019,158.66000366210938,160.61000061035156,698700,162.0,160.33999633789062,160.33999633789062
19-08-2019,157.67999267578125,162.0,1063100,162.5,158.10000610351562,158.10000610351562
20-08-2019,156.0800018310547,157.1999969482422,845300,159.39999389648438,157.6699981689453,157.6699981689453
21-08-2019,158.1699981689453,159.32000732421875,751600,162.1999969482422,161.97999572753906,161.97999572753906
22-08-2019,157.75,162.72000122070312,785600,164.19000244140625,159.52000427246094,159.52000427246094
23-08-2019,157.5399932861328,161.0,1238900,164.1999969482422,158.1300048828125,158.1300048828125
26-08-2019,159.0,160.47999572753906,1259500,163.17999267578125,162.6699981689453,162.6699981689453
27-08-2019,162.1199951171875,165.24000549316406,2879400,166.97999572753906,163.41000366210938,163.41000366210938
28-08-2019,154.5,167.61000061035156,4611800,167.9499969482422,164.1199951171875,164.1199951171875
29-08-2019,160.3699951171875,165.0,2208500,169.1699981689453,168.6199951171875,168.6199951171875
30-08-2019,159.63999938964844,169.63999938964844,2052700,170.35000610351562,160.3800048828125,160.3800048828125
03-09-2019,155.91000366210938,159.67999267578125,1646600,160.47999572753906,157.80999755859375,157.80999755859375
04-09-2019,155.17999267578125,158.00999450683594,1427300,158.77000427246094,156.50999450683594,156.50999450683594
05-09-2019,155.47999572753906,158.0399932861328,926600,159.74000549316406,159.4199981689453,159.4199981689453
06-09-2019,157.0,160.5800018310547,1130500,161.2899932861328,157.3300018310547,157.3300018310547
09-09-2019,143.50999450683594,158.33999633789062,3426500,158.33999633789062,144.50999450683594,144.50999450683594
10-09-2019,137.75999450683594,143.10000610351562,3414000,145.44000244140625,145.1199951171875,145.1199951171875
11-09-2019,142.5500030517578,145.27999877929688,1334500,146.94000244140625,143.00999450683594,143.00999450683594
12-09-2019,142.75,144.5,1390000,146.85000610351562,142.89999389648438,142.89999389648438
13-09-2019,139.1300048828125,142.24000549316406,2159500,142.85000610351562,139.82000732421875,139.82000732421875
16-09-2019,138.1999969482422,138.67999267578125,1952400,146.32000732421875,146.14999389648438,146.14999389648438
17-09-2019,145.9199981689453,146.14999389648438,1677700,149.6999969482422,148.72000122070312,148.72000122070312
18-09-2019,143.13999938964844,148.0,1174800,149.16000366210938,146.6199951171875,146.6199951171875
19-09-2019,145.35000610351562,146.16000366210938,909400,147.75,147.42999267578125,147.42999267578125
20-09-2019,147.0,147.8300018310547,2218100,150.27999877929688,149.6300048828125,149.6300048828125
23-09-2019,149.75999450683594,150.0,1719200,154.16000366210938,152.69000244140625,152.69000244140625
24-09-2019,149.02000427246094,153.63999938964844,2740800,154.9600067138672,151.30999755859375,151.30999755859375
25-09-2019,149.02000427246094,150.58999633789062,2640100,155.5500030517578,155.3000030517578,155.3000030517578
26-09-2019,151.8300018310547,158.14999389648438,2288400,159.75,154.6300048828125,154.6300048828125
27-09-2019,147.66000366210938,154.6199951171875,1804400,155.0500030517578,149.5800018310547,149.5800018310547
30-09-2019,147.50999450683594,149.39999389648438,1500200,153.17999267578125,152.69000244140625,152.69000244140625
01-10-2019,151.6199951171875,152.50999450683594,1817300,155.3300018310547,154.99000549316406,154.99000549316406
02-10-2019,147.6199951171875,152.27999877929688,2144000,153.35000610351562,151.05999755859375,151.05999755859375
03-10-2019,141.8800048828125,151.25,2864800,151.25,148.97000122070312,148.97000122070312
04-10-2019,150.0,150.0,1821700,154.05999755859375,154.0,154.0
07-10-2019,151.9199981689453,153.4499969482422,1013500,154.6199951171875,152.6199951171875,152.6199951171875
08-10-2019,145.97999572753906,151.9499969482422,1902800,152.27999877929688,146.42999267578125,146.42999267578125
09-10-2019,145.41000366210938,146.6699981689453,694800,150.0,149.3300018310547,149.3300018310547
10-10-2019,148.6999969482422,148.72999572753906,1318100,150.5800018310547,150.2899932861328,150.2899932861328
11-10-2019,151.27999877929688,151.61000061035156,1098700,154.89999389648438,152.0399932861328,152.0399932861328
14-10-2019,152.02999877929688,152.7100067138672,1018000,153.97999572753906,153.22999572753906,153.22999572753906
15-10-2019,154.4600067138672,154.64999389648438,955400,157.27999877929688,156.47000122070312,156.47000122070312
16-10-2019,147.25,154.55999755859375,1498200,154.55999755859375,149.8800048828125,149.8800048828125
17-10-2019,147.86000061035156,150.52000427246094,1288400,151.6300048828125,148.88999938964844,148.88999938964844
18-10-2019,140.02000427246094,148.33999633789062,2495700,148.8000030517578,142.89999389648438,142.89999389648438
21-10-2019,142.02000427246094,143.8000030517578,1611700,147.14999389648438,145.05999755859375,145.05999755859375
22-10-2019,140.52000427246094,146.66000366210938,1504600,147.77999877929688,141.3300018310547,141.3300018310547
23-10-2019,138.25,140.02000427246094,988800,144.52999877929688,142.27000427246094,142.27000427246094
24-10-2019,143.41000366210938,143.91000366210938,951000,145.88999938964844,144.85000610351562,144.85000610351562
25-10-2019,143.41000366210938,144.0,837900,147.0399932861328,146.77000427246094,146.77000427246094
28-10-2019,145.77000427246094,147.22999572753906,783600,149.66000366210938,148.3699951171875,148.3699951171875
29-10-2019,145.66000366210938,148.25,586200,148.60000610351562,145.72000122070312,145.72000122070312
30-10-2019,142.52000427246094,145.02000427246094,1066700,147.22000122070312,147.22000122070312,147.22000122070312
31-10-2019,141.13999938964844,146.75,1537100,147.8000030517578,141.8300018310547,141.8300018310547
01-11-2019,141.83999633789062,142.50999450683594,835000,146.2100067138672,144.3699951171875,144.3699951171875
04-11-2019,144.3699951171875,146.00999450683594,1041700,146.8300018310547,145.22999572753906,145.22999572753906
05-11-2019,140.44000244140625,145.22999572753906,1596800,145.88999938964844,140.67999267578125,140.67999267578125
06-11-2019,139.69000244140625,140.85000610351562,1235200,143.61000061035156,140.85000610351562,140.85000610351562
07-11-2019,140.0,140.4600067138672,761200,143.8300018310547,141.0,141.0
08-11-2019,139.19000244140625,140.8699951171875,950400,143.94000244140625,143.77000427246094,143.77000427246094
11-11-2019,142.3699951171875,143.1199951171875,728600,145.7899932861328,144.7100067138672,144.7100067138672
12-11-2019,144.61000061035156,144.6999969482422,1079900,147.7100067138672,146.67999267578125,146.67999267578125
13-11-2019,144.85000610351562,146.0500030517578,931300,148.52999877929688,148.30999755859375,148.30999755859375
14-11-2019,147.80999755859375,147.9499969482422,588300,149.75,148.69000244140625,148.69000244140625
15-11-2019,148.0,149.00999450683594,1586900,153.69000244140625,153.16000366210938,153.16000366210938
18-11-2019,150.94000244140625,152.27999877929688,1282900,154.7100067138672,151.75999450683594,151.75999450683594
19-11-2019,150.3699951171875,152.50999450683594,705600,153.57000732421875,152.24000549316406,152.24000549316406
20-11-2019,151.47000122070312,152.25,1005600,156.5399932861328,154.3300018310547,154.3300018310547
21-11-2019,150.41000366210938,154.10000610351562,1105800,154.25999450683594,150.66000366210938,150.66000366210938
22-11-2019,152.50999450683594,153.85000610351562,1205100,155.39999389648438,153.27000427246094,153.27000427246094
25-11-2019,154.74000549316406,154.92999267578125,1308900,157.66000366210938,156.9499969482422,156.9499969482422
26-11-2019,156.55999755859375,157.0,2704100,160.0,159.22999572753906,159.22999572753906
27-11-2019,147.83999633789062,165.1699981689453,6797500,168.64999389648438,153.32000732421875,153.32000732421875
29-11-2019,148.50999450683594,151.4199981689453,1507700,152.19000244140625,149.17999267578125,149.17999267578125
02-12-2019,141.2100067138672,148.61000061035156,3099300,148.8699951171875,144.33999633789062,144.33999633789062
03-12-2019,139.6300048828125,140.3000030517578,2032600,147.74000549316406,147.36000061035156,147.36000061035156
04-12-2019,142.86000061035156,148.0,1780700,148.07000732421875,144.00999450683594,144.00999450683594
05-12-2019,143.4499969482422,145.00999450683594,2013300,146.8800048828125,145.11000061035156,145.11000061035156
06-12-2019,143.8800048828125,145.4199981689453,1177100,147.0800018310547,144.6699981689453,144.6699981689453
09-12-2019,142.57000732421875,144.3800048828125,1385500,145.74000549316406,143.5500030517578,143.5500030517578
10-12-2019,142.61000061035156,143.7100067138672,888600,144.74000549316406,142.89999389648438,142.89999389648438
11-12-2019,141.25,143.5,1121800,143.69000244140625,142.24000549316406,142.24000549316406
12-12-2019,139.60000610351562,141.9199981689453,1111900,142.97000122070312,142.64999389648438,142.64999389648438
13-12-2019,141.6300048828125,141.8699951171875,1203200,146.11000061035156,146.10000610351562,146.10000610351562
16-12-2019,146.14999389648438,146.75999450683594,1097200,148.49000549316406,147.6699981689453,147.6699981689453
17-12-2019,143.92999267578125,148.3300018310547,1438000,148.3300018310547,144.6300048828125,144.6300048828125
18-12-2019,144.35000610351562,145.36000061035156,898700,146.38999938964844,144.52999877929688,144.52999877929688
19-12-2019,138.3800048828125,144.57000732421875,3049500,144.8800048828125,139.77000427246094,139.77000427246094
20-12-2019,139.63999938964844,139.63999938964844,2223400,142.86000061035156,141.8699951171875,141.8699951171875
23-12-2019,141.0,141.0,889300,144.1300048828125,143.08999633789062,143.08999633789062
24-12-2019,140.47999572753906,142.38999938964844,498900,142.7100067138672,141.6699981689453,141.6699981689453
26-12-2019,141.3000030517578,142.5,502300,143.2100067138672,141.9499969482422,141.9499969482422
27-12-2019,140.38999938964844,142.0,715900,142.5500030517578,140.64999389648438,140.64999389648438
30-12-2019,138.3000030517578,140.75,1225700,141.22000122070312,140.91000366210938,140.91000366210938
31-12-2019,140.0800018310547,140.1199951171875,1174500,142.25,140.66000366210938,140.66000366210938
02-01-2020,141.44000244140625,142.0,1269700,144.49000549316406,143.39999389648438,143.39999389648438
03-01-2020,140.85000610351562,141.1300048828125,848300,143.10000610351562,142.50999450683594,142.50999450683594
06-01-2020,140.58999633789062,141.49000549316406,1306300,144.3300018310547,144.1999969482422,144.1999969482422
07-01-2020,139.1300048828125,143.2899932861328,2086400,143.6300048828125,139.1999969482422,139.1999969482422
08-01-2020,138.9499969482422,139.47000122070312,1926100,142.22999572753906,141.6999969482422,141.6999969482422
09-01-2020,142.3699951171875,142.5,1759600,146.22999572753906,145.72000122070312,145.72000122070312
10-01-2020,144.86000061035156,146.72000122070312,1248300,147.32000732421875,145.50999450683594,145.50999450683594
13-01-2020,147.6999969482422,148.69000244140625,1554100,150.3300018310547,148.66000366210938,148.66000366210938
14-01-2020,147.66000366210938,149.22000122070312,1302900,150.1999969482422,147.77999877929688,147.77999877929688
15-01-2020,144.07000732421875,147.5500030517578,1257700,148.52999877929688,144.42999267578125,144.42999267578125
16-01-2020,145.07000732421875,146.2100067138672,1114800,147.60000610351562,147.32000732421875,147.32000732421875
17-01-2020,147.1199951171875,147.89999389648438,1007600,148.97000122070312,148.07000732421875,148.07000732421875
21-01-2020,145.88999938964844,147.8000030517578,1021900,149.4199981689453,146.08999633789062,146.08999633789062
22-01-2020,144.89999389648438,146.3699951171875,1270000,147.0,145.69000244140625,145.69000244140625
23-01-2020,144.77000427246094,146.0399932861328,1039000,146.6300048828125,145.57000732421875,145.57000732421875
24-01-2020,145.0500030517578,147.0,1023400,149.89999389648438,145.19000244140625,145.19000244140625
27-01-2020,140.89999389648438,141.8000030517578,1354100,143.4199981689453,141.77999877929688,141.77999877929688
28-01-2020,141.8300018310547,142.39999389648438,937100,145.8699951171875,145.49000549316406,145.49000549316406
29-01-2020,143.64999389648438,146.42999267578125,1129100,146.72000122070312,145.4199981689453,145.4199981689453
30-01-2020,144.35000610351562,144.5500030517578,1502800,150.3800048828125,150.25,150.25
31-01-2020,145.4199981689453,149.52999877929688,1266400,150.0399932861328,146.61000061035156,146.61000061035156
03-02-2020,146.0,147.50999450683594,737000,148.9499969482422,148.58999633789062,148.58999633789062
04-02-2020,149.77000427246094,150.52000427246094,1306400,155.00999450683594,154.27999877929688,154.27999877929688
05-02-2020,150.58999633789062,155.75,1210100,156.32000732421875,151.5,151.5
06-02-2020,149.0,151.89999389648438,912400,152.57000732421875,151.11000061035156,151.11000061035156
07-02-2020,149.5800018310547,150.8000030517578,755500,154.16000366210938,151.6300048828125,151.6300048828125
10-02-2020,151.16000366210938,151.6300048828125,978100,153.4600067138672,153.42999267578125,153.42999267578125
11-02-2020,152.6199951171875,155.13999938964844,826600,155.5500030517578,154.02000427246094,154.02000427246094
12-02-2020,152.19000244140625,154.3000030517578,760500,156.27999877929688,154.47000122070312,154.47000122070312
13-02-2020,152.80999755859375,153.39999389648438,695300,155.97000122070312,153.9499969482422,153.9499969482422
14-02-2020,155.3000030517578,155.85000610351562,1050300,159.77999877929688,158.8699951171875,158.8699951171875
18-02-2020,159.05999755859375,159.64999389648438,1664200,162.4199981689453,162.02000427246094,162.02000427246094
19-02-2020,163.4199981689453,164.19000244140625,1565000,167.97000122070312,163.88999938964844,163.88999938964844
20-02-2020,161.72000122070312,163.88999938964844,1260700,166.2100067138672,164.97000122070312,164.97000122070312
21-02-2020,158.1199951171875,164.19000244140625,1013300,164.22999572753906,159.82000732421875,159.82000732421875
24-02-2020,151.4499969482422,151.4499969482422,1233000,156.02999877929688,154.02000427246094,154.02000427246094
25-02-2020,148.0500030517578,155.49000549316406,1501400,156.05999755859375,149.9600067138672,149.9600067138672
26-02-2020,146.07000732421875,150.2100067138672,1502700,152.64999389648438,147.49000549316406,147.49000549316406
27-02-2020,141.82000732421875,143.83999633789062,1921000,149.0,144.42999267578125,144.42999267578125
28-02-2020,135.1199951171875,139.6699981689453,2465800,144.27999877929688,141.97000122070312,141.97000122070312
02-03-2020,138.47999572753906,142.2899932861328,1868300,144.47999572753906,144.0500030517578,144.0500030517578
03-03-2020,138.66000366210938,144.0,2260500,147.33999633789062,141.5,141.5
04-03-2020,139.50999450683594,149.0,3707900,150.6300048828125,144.1199951171875,144.1199951171875
05-03-2020,141.9499969482422,142.5,2412500,149.75,146.5399932861328,146.5399932861328
06-03-2020,141.38999938964844,143.11000061035156,2767700,146.7100067138672,146.25,146.25
09-03-2020,135.89999389648438,136.25,2553100,143.0,139.0,139.0
10-03-2020,137.88999938964844,142.58999633789062,2743900,146.83999633789062,146.30999755859375,146.30999755859375
11-03-2020,139.82000732421875,143.22999572753906,3029500,145.1999969482422,144.3800048828125,144.3800048828125
12-03-2020,131.41000366210938,133.85000610351562,3444900,142.75999450683594,133.2100067138672,133.2100067138672
13-03-2020,130.3699951171875,139.07000732421875,2149700,140.77000427246094,138.39999389648438,138.39999389648438
16-03-2020,120.52999877929688,123.0,2243800,132.5500030517578,120.93000030517578,120.93000030517578
17-03-2020,118.11000061035156,122.91999816894531,2197300,132.97000122070312,132.94000244140625,132.94000244140625
18-03-2020,123.01000213623047,125.48999786376953,2462300,140.86000061035156,140.52999877929688,140.52999877929688
19-03-2020,137.05999755859375,139.92999267578125,3448500,151.25,147.63999938964844,147.63999938964844
20-03-2020,132.75999450683594,150.7100067138672,3197100,151.69000244140625,133.4499969482422,133.4499969482422
23-03-2020,121.52999877929688,132.30999755859375,2470900,133.0,132.0,132.0
24-03-2020,136.3300018310547,137.64999389648438,2551000,146.38999938964844,144.92999267578125,144.92999267578125
25-03-2020,133.57000732421875,143.14999389648438,1798200,147.6999969482422,134.30999755859375,134.30999755859375
26-03-2020,133.82000732421875,135.0800018310547,1648100,147.36000061035156,147.08999633789062,147.08999633789062
27-03-2020,141.64999389648438,145.1300048828125,1660400,147.64999389648438,145.5500030517578,145.5500030517578
30-03-2020,145.24000549316406,147.72000122070312,1899000,158.0,157.94000244140625,157.94000244140625
31-03-2020,154.47999572753906,156.8699951171875,1738200,159.1199951171875,156.3699951171875,156.3699951171875
01-04-2020,149.0,150.33999633789062,1589800,159.47999572753906,153.50999450683594,153.50999450683594
02-04-2020,148.25,148.52000427246094,1281900,158.58999633789062,156.16000366210938,156.16000366210938
03-04-2020,148.5,154.75,1587100,157.72000122070312,150.11000061035156,150.11000061035156
06-04-2020,151.8699951171875,152.38999938964844,1093300,157.6199951171875,156.80999755859375,156.80999755859375
07-04-2020,152.55999755859375,159.44000244140625,1180800,160.0,154.25999450683594,154.25999450683594
08-04-2020,152.24000549316406,156.75999450683594,1215600,161.44000244140625,160.49000549316406,160.49000549316406
09-04-2020,158.55999755859375,160.5800018310547,1292700,163.9600067138672,162.11000061035156,162.11000061035156
13-04-2020,157.3699951171875,161.32000732421875,805400,163.7899932861328,162.85000610351562,162.85000610351562
14-04-2020,165.5,165.89999389648438,1952000,176.89999389648438,173.58999633789062,173.58999633789062
15-04-2020,170.24000549316406,172.0,1889800,181.86000061035156,174.67999267578125,174.67999267578125
16-04-2020,173.0,177.00999450683594,1628600,179.97999572753906,174.22999572753906,174.22999572753906
17-04-2020,173.5,177.0800018310547,1418000,181.17999267578125,181.1199951171875,181.1199951171875
20-04-2020,178.50999450683594,179.60000610351562,1299800,187.83999633789062,184.39999389648438,184.39999389648438
21-04-2020,170.02000427246094,183.3800048828125,1660200,183.3800048828125,176.24000549316406,176.24000549316406
22-04-2020,178.35000610351562,179.39999389648438,981000,185.38999938964844,183.9499969482422,183.9499969482422
23-04-2020,183.5,183.9499969482422,992600,189.55999755859375,184.6999969482422,184.6999969482422
24-04-2020,182.63999938964844,184.6999969482422,1111300,191.0500030517578,187.6300048828125,187.6300048828125
27-04-2020,185.4199981689453,190.0,1192900,191.75999450683594,185.58999633789062,185.58999633789062
28-04-2020,178.75999450683594,186.67999267578125,1639000,186.67999267578125,182.74000549316406,182.74000549316406
29-04-2020,182.14999389648438,184.47000122070312,1109800,190.6699981689453,188.5500030517578,188.5500030517578
30-04-2020,188.1199951171875,188.1199951171875,1756800,195.89999389648438,190.8000030517578,190.8000030517578
01-05-2020,182.7899932861328,189.41000366210938,1056400,189.97999572753906,187.77000427246094,187.77000427246094
04-05-2020,185.02000427246094,185.82000732421875,922000,190.8000030517578,189.13999938964844,189.13999938964844
05-05-2020,189.86000061035156,191.99000549316406,810100,195.69000244140625,192.86000061035156,192.86000061035156
06-05-2020,191.75999450683594,194.49000549316406,595800,197.50999450683594,192.9600067138672,192.9600067138672
07-05-2020,190.8800048828125,197.99000549316406,1113100,198.0,191.25,191.25
08-05-2020,189.2899932861328,192.25999450683594,939100,194.27999877929688,192.33999633789062,192.33999633789062
11-05-2020,189.7100067138672,192.0399932861328,1478800,200.36000061035156,197.66000366210938,197.66000366210938
12-05-2020,195.25999450683594,200.49000549316406,938700,201.6699981689453,197.3699951171875,197.3699951171875
13-05-2020,192.74000549316406,198.27000427246094,1256700,202.75999450683594,195.14999389648438,195.14999389648438
14-05-2020,191.5,194.0,898300,196.36000061035156,196.02999877929688,196.02999877929688
15-05-2020,194.99000549316406,196.1300048828125,821200,201.41000366210938,200.42999267578125,200.42999267578125
18-05-2020,196.10000610351562,200.82000732421875,1200700,205.6699981689453,197.1699981689453,197.1699981689453
19-05-2020,196.0399932861328,197.0,1381000,200.83999633789062,196.0399932861328,196.0399932861328
20-05-2020,197.3000030517578,199.74000549316406,998000,203.4499969482422,202.1699981689453,202.1699981689453
21-05-2020,196.1300048828125,200.77999877929688,849300,201.49000549316406,197.47000122070312,197.47000122070312
22-05-2020,194.52000427246094,195.0,982500,203.0,202.9600067138672,202.9600067138672
26-05-2020,194.9499969482422,206.0,1751900,206.89999389648438,195.1199951171875,195.1199951171875
27-05-2020,183.24000549316406,193.0,1425300,194.99000549316406,191.99000549316406,191.99000549316406
28-05-2020,193.16000366210938,193.69000244140625,2239900,206.67999267578125,204.1999969482422,204.1999969482422
29-05-2020,209.0,211.11000061035156,2963200,219.72000122070312,218.8699951171875,218.8699951171875
01-06-2020,211.10000610351562,216.67999267578125,1325300,220.91000366210938,218.9600067138672,218.9600067138672
02-06-2020,213.16000366210938,218.3800048828125,1534500,220.19000244140625,219.61000061035156,219.61000061035156
03-06-2020,214.38999938964844,217.0500030517578,1051800,219.72000122070312,215.24000549316406,215.24000549316406
04-06-2020,205.3699951171875,213.52999877929688,1498800,217.99000549316406,206.1999969482422,206.1999969482422
05-06-2020,199.0,203.35000610351562,1420600,207.97000122070312,202.8000030517578,202.8000030517578
08-06-2020,201.8800048828125,202.38999938964844,1553600,218.52999877929688,218.36000061035156,218.36000061035156
09-06-2020,212.91000366210938,220.0,1113300,220.0,213.5500030517578,213.5500030517578
10-06-2020,215.25999450683594,215.4499969482422,2023100,227.86000061035156,226.5500030517578,226.5500030517578
11-06-2020,213.52000427246094,224.41000366210938,1303300,225.99000549316406,213.64999389648438,213.64999389648438
12-06-2020,210.75,217.0,1264000,223.4499969482422,216.67999267578125,216.67999267578125
15-06-2020,213.0,213.00999450683594,1246000,222.80999755859375,222.36000061035156,222.36000061035156
16-06-2020,220.3300018310547,224.41000366210938,1226200,226.39999389648438,223.80999755859375,223.80999755859375
17-06-2020,224.05999755859375,226.19000244140625,1296800,230.88999938964844,228.97999572753906,228.97999572753906
18-06-2020,225.85000610351562,229.44000244140625,1064400,231.50999450683594,228.0,228.0
19-06-2020,226.0,231.3699951171875,2184500,232.5,226.6699981689453,226.6699981689453
22-06-2020,230.64999389648438,231.0,1555600,242.11000061035156,238.9199981689453,238.9199981689453
23-06-2020,237.92999267578125,239.4499969482422,1256900,244.10000610351562,239.10000610351562,239.10000610351562
24-06-2020,232.55999755859375,239.0,1128900,241.80999755859375,234.30999755859375,234.30999755859375
25-06-2020,231.27000427246094,234.5,1242600,238.13999938964844,236.82000732421875,236.82000732421875
26-06-2020,233.1999969482422,238.42999267578125,1469000,239.0,234.92999267578125,234.92999267578125
29-06-2020,228.80999755859375,234.4600067138672,1074000,235.97000122070312,230.19000244140625,230.19000244140625
30-06-2020,229.8000030517578,231.32000732421875,1058400,235.86000061035156,234.4199981689453,234.4199981689453
01-07-2020,232.44000244140625,235.0,933500,242.42999267578125,242.22000122070312,242.22000122070312
02-07-2020,240.02000427246094,241.57000732421875,990600,245.22000122070312,242.0399932861328,242.0399932861328
06-07-2020,243.0500030517578,244.1999969482422,1059200,249.50999450683594,245.5500030517578,245.5500030517578
07-07-2020,244.7100067138672,248.5500030517578,722100,250.0399932861328,244.9499969482422,244.9499969482422
08-07-2020,247.0500030517578,247.50999450683594,678000,253.1699981689453,252.39999389648438,252.39999389648438
09-07-2020,253.6199951171875,254.0800018310547,1427700,260.6099853515625,256.69000244140625,256.69000244140625
10-07-2020,251.30999755859375,256.19000244140625,636800,258.2300109863281,254.16000366210938,254.16000366210938
13-07-2020,240.2899932861328,255.0,1168600,258.8299865722656,240.77000427246094,240.77000427246094
14-07-2020,232.52999877929688,239.7899932861328,1074700,245.86000061035156,244.47000122070312,244.47000122070312
15-07-2020,244.38999938964844,246.35000610351562,646100,249.83999633789062,247.75999450683594,247.75999450683594
16-07-2020,239.64999389648438,246.19000244140625,647400,246.9499969482422,246.25999450683594,246.25999450683594
17-07-2020,246.2899932861328,248.0,775500,252.32000732421875,250.3000030517578,250.3000030517578
20-07-2020,252.0,252.0,833900,261.9700012207031,261.4800109863281,261.4800109863281
21-07-2020,254.74000549316406,263.5199890136719,764700,263.6300048828125,257.0,257.0
22-07-2020,255.80999755859375,260.0,606300,262.8699951171875,258.6499938964844,258.6499938964844
23-07-2020,251.72000122070312,259.95001220703125,639100,263.260009765625,254.0399932861328,254.0399932861328
24-07-2020,245.1699981689453,250.0,596500,255.14999389648438,251.9499969482422,251.9499969482422
27-07-2020,249.6300048828125,255.1199951171875,781100,257.5,253.5,253.5
28-07-2020,250.44000244140625,255.38999938964844,454800,256.0299987792969,251.00999450683594,251.00999450683594
29-07-2020,253.02999877929688,253.55999755859375,636300,261.8500061035156,259.5299987792969,259.5299987792969
30-07-2020,256.8599853515625,258.9599914550781,715800,265.30999755859375,261.94000244140625,261.94000244140625
31-07-2020,259.8399963378906,265.0,580200,265.67999267578125,264.57000732421875,264.57000732421875
03-08-2020,265.44000244140625,267.80999755859375,609500,270.4100036621094,268.05999755859375,268.05999755859375
04-08-2020,264.6000061035156,267.4599914550781,645600,268.6499938964844,268.2300109863281,268.2300109863281
05-08-2020,268.0299987792969,268.5899963378906,616400,273.1499938964844,272.1700134277344,272.1700134277344
06-08-2020,265.6600036621094,273.0,480800,273.8900146484375,271.2300109863281,271.2300109863281
07-08-2020,258.5799865722656,269.8399963378906,922600,272.0,261.2200012207031,261.2200012207031
10-08-2020,252.27999877929688,264.3500061035156,834100,264.3500061035156,257.2799987792969,257.2799987792969
11-08-2020,250.72000122070312,253.6199951171875,791600,256.3999938964844,252.77999877929688,252.77999877929688
12-08-2020,252.3800048828125,252.3800048828125,617300,263.010009765625,257.1000061035156,257.1000061035156
13-08-2020,258.3999938964844,259.0,634900,266.67999267578125,262.30999755859375,262.30999755859375
14-08-2020,257.54998779296875,262.7799987792969,345200,263.9599914550781,258.3399963378906,258.3399963378906
17-08-2020,258.7099914550781,260.6000061035156,477600,263.92999267578125,261.239990234375,261.239990234375
18-08-2020,261.6099853515625,263.7799987792969,550300,268.010009765625,266.69000244140625,266.69000244140625
19-08-2020,263.8299865722656,267.0,482600,270.9800109863281,266.8699951171875,266.8699951171875
20-08-2020,266.29998779296875,266.29998779296875,678400,271.1000061035156,270.1300048828125,270.1300048828125
21-08-2020,266.8800048828125,270.55999755859375,662700,271.17999267578125,266.94000244140625,266.94000244140625
24-08-2020,256.239990234375,270.0,817300,270.4800109863281,259.6400146484375,259.6400146484375
25-08-2020,256.70001220703125,258.7799987792969,766800,263.6199951171875,260.17999267578125,260.17999267578125
26-08-2020,263.4700012207031,267.6499938964844,1010600,269.0400085449219,268.6700134277344,268.6700134277344
27-08-2020,264.1300048828125,270.3999938964844,1496200,274.3299865722656,270.2200012207031,270.2200012207031
28-08-2020,273.739990234375,287.9100036621094,1687400,288.989990234375,274.07000732421875,274.07000732421875
31-08-2020,275.739990234375,276.2300109863281,993900,284.5899963378906,282.2699890136719,282.2699890136719
01-09-2020,285.6000061035156,285.6199951171875,1108600,294.989990234375,294.0799865722656,294.0799865722656
02-09-2020,284.1600036621094,295.0,1275500,298.760009765625,297.07000732421875,297.07000732421875
03-09-2020,275.010009765625,287.5799865722656,1097900,288.42999267578125,281.1700134277344,281.1700134277344
04-09-2020,255.6300048828125,278.0299987792969,1365900,280.4599914550781,269.5899963378906,269.5899963378906
08-09-2020,258.010009765625,260.1099853515625,748400,269.989990234375,263.5199890136719,263.5199890136719
09-09-2020,263.510009765625,269.5,683500,272.8699951171875,270.92999267578125,270.92999267578125
10-09-2020,266.3999938964844,273.0,667800,278.7200012207031,267.5899963378906,267.5899963378906
11-09-2020,260.4599914550781,270.95001220703125,528900,271.8399963378906,264.5299987792969,264.5299987792969
14-09-2020,265.55999755859375,267.010009765625,495700,271.25,267.6300048828125,267.6300048828125
15-09-2020,270.1300048828125,273.7200012207031,482100,278.6199951171875,273.5799865722656,273.5799865722656
16-09-2020,267.7099914550781,274.0,688000,275.9800109863281,268.07000732421875,268.07000732421875
17-09-2020,256.1000061035156,259.5,1076100,265.260009765625,263.20001220703125,263.20001220703125
18-09-2020,261.1700134277344,265.45001220703125,1315600,270.989990234375,265.8999938964844,265.8999938964844
21-09-2020,261.1400146484375,262.0400085449219,664000,272.05999755859375,271.54998779296875,271.54998779296875
22-09-2020,266.0400085449219,272.32000732421875,480200,273.760009765625,273.44000244140625,273.44000244140625
23-09-2020,269.82000732421875,274.5199890136719,912500,277.3599853515625,270.57000732421875,270.57000732421875
24-09-2020,262.510009765625,267.7900085449219,471500,271.8399963378906,269.2799987792969,269.2799987792969
25-09-2020,268.1600036621094,268.3599853515625,518100,275.7799987792969,273.9599914550781,273.9599914550781
28-09-2020,277.4200134277344,278.29998779296875,1248700,287.17999267578125,281.9200134277344,281.9200134277344
29-09-2020,280.3599853515625,282.9200134277344,573300,285.9800109863281,280.989990234375,280.989990234375
30-09-2020,277.1499938964844,280.4100036621094,764300,285.45001220703125,281.19000244140625,281.19000244140625
01-10-2020,276.2799987792969,283.6499938964844,925700,285.3800048828125,277.0400085449219,277.0400085449219
02-10-2020,266.0,266.20001220703125,794700,280.0,275.55999755859375,275.55999755859375
05-10-2020,273.8800048828125,275.1400146484375,722000,279.7699890136719,278.45001220703125,278.45001220703125
06-10-2020,278.1099853515625,279.7200012207031,1153000,291.4200134277344,285.8800048828125,285.8800048828125
07-10-2020,285.57000732421875,289.0,540900,290.82000732421875,287.4100036621094,287.4100036621094
08-10-2020,284.0299987792969,290.0,551400,290.8999938964844,290.75,290.75
09-10-2020,292.3299865722656,292.67999267578125,513300,297.05999755859375,294.1199951171875,294.1199951171875
12-10-2020,298.6600036621094,298.75,1162000,308.75,307.1600036621094,307.1600036621094
13-10-2020,306.6300048828125,308.0,748800,312.0,308.54998779296875,308.54998779296875
14-10-2020,298.3399963378906,307.2200012207031,946000,310.79998779296875,300.6099853515625,300.6099853515625
15-10-2020,293.0,296.0,898400,308.510009765625,308.25,308.25
16-10-2020,305.4599914550781,309.6499938964844,726300,313.1000061035156,306.2699890136719,306.2699890136719
19-10-2020,299.8599853515625,308.75,667100,313.989990234375,302.19000244140625,302.19000244140625
20-10-2020,302.1700134277344,302.1700134277344,618500,308.7799987792969,303.6499938964844,303.6499938964844
21-10-2020,294.3299865722656,305.8399963378906,680800,307.6400146484375,294.8299865722656,294.8299865722656
22-10-2020,286.95001220703125,294.19000244140625,631400,297.8500061035156,290.75,290.75
23-10-2020,291.80999755859375,292.4200134277344,725600,302.1099853515625,296.8500061035156,296.8500061035156
26-10-2020,292.1099853515625,295.82000732421875,522300,301.260009765625,296.8699951171875,296.8699951171875
27-10-2020,298.8599853515625,300.80999755859375,711500,304.739990234375,302.3500061035156,302.3500061035156
28-10-2020,285.55999755859375,297.32000732421875,833500,297.32000732421875,287.2699890136719,287.2699890136719
29-10-2020,284.5799865722656,290.0,543300,292.4800109863281,284.67999267578125,284.67999267578125
30-10-2020,266.4599914550781,281.8900146484375,1378000,282.0,270.04998779296875,270.04998779296875
02-11-2020,263.3699951171875,270.8999938964844,984200,275.04998779296875,268.0400085449219,268.0400085449219
03-11-2020,263.7200012207031,263.7200012207031,800200,276.2200012207031,270.94000244140625,270.94000244140625
04-11-2020,277.04998779296875,278.19000244140625,885000,287.9200134277344,284.3999938964844,284.3999938964844
05-11-2020,291.19000244140625,293.44000244140625,905300,298.19000244140625,297.1700134277344,297.1700134277344
06-11-2020,290.42999267578125,297.0,671900,300.7699890136719,299.5899963378906,299.5899963378906
09-11-2020,268.760009765625,297.75,1498800,298.4200134277344,269.0400085449219,269.0400085449219
10-11-2020,253.4199981689453,269.6400146484375,1570600,270.1300048828125,264.1499938964844,264.1499938964844
11-11-2020,268.7699890136719,270.2699890136719,630400,273.75,272.55999755859375,272.55999755859375
12-11-2020,271.6199951171875,274.0,587500,277.92999267578125,274.07000732421875,274.07000732421875
13-11-2020,262.489990234375,275.0,1102200,275.8399963378906,264.9200134277344,264.9200134277344
16-11-2020,256.5,259.6400146484375,1076500,268.67999267578125,264.6199951171875,264.6199951171875
17-11-2020,262.0,267.6700134277344,553900,268.9700012207031,265.510009765625,265.510009765625
18-11-2020,261.6400146484375,265.510009765625,1545300,267.8699951171875,265.17999267578125,265.17999267578125
19-11-2020,266.25,266.989990234375,956600,275.7900085449219,272.57000732421875,272.57000732421875
20-11-2020,271.3699951171875,272.5799865722656,554800,276.0400085449219,274.25,274.25
23-11-2020,270.5,275.57000732421875,1159300,277.70001220703125,272.239990234375,272.239990234375
24-11-2020,263.6099853515625,270.489990234375,1338000,272.95001220703125,265.5799865722656,265.5799865722656
25-11-2020,265.42999267578125,268.44000244140625,677400,271.55999755859375,268.3599853515625,268.3599853515625
27-11-2020,265.4100036621094,268.69000244140625,750500,276.8699951171875,276.45001220703125,276.45001220703125
30-11-2020,273.3999938964844,277.0,1276900,279.75,276.8699951171875,276.8699951171875
01-12-2020,277.80999755859375,279.7099914550781,2113400,284.9599914550781,284.20001220703125,284.20001220703125
02-12-2020,255.32000732421875,272.0,3825500,278.1300048828125,272.3999938964844,272.3999938964844
03-12-2020,269.0,273.010009765625,790400,277.1499938964844,273.8999938964844,273.8999938964844
04-12-2020,270.8399963378906,273.8299865722656,830000,276.7099914550781,271.7200012207031,271.7200012207031
07-12-2020,267.54998779296875,271.239990234375,885200,275.0,267.7200012207031,267.7200012207031
08-12-2020,264.5299987792969,268.3399963378906,916600,270.7699890136719,269.5400085449219,269.5400085449219
09-12-2020,256.0,261.75,1508600,265.1199951171875,258.8699951171875,258.8699951171875
10-12-2020,256.67999267578125,258.1099853515625,683000,265.9800109863281,265.04998779296875,265.04998779296875
11-12-2020,262.239990234375,265.6400146484375,690900,268.2900085449219,264.04998779296875,264.04998779296875
14-12-2020,260.5899963378906,260.5899963378906,686500,268.7300109863281,264.7799987792969,264.7799987792969
15-12-2020,264.19000244140625,264.8599853515625,873900,274.0,269.0899963378906,269.0899963378906
16-12-2020,267.0199890136719,268.42999267578125,480300,270.3500061035156,267.7200012207031,267.7200012207031
17-12-2020,269.9599914550781,270.010009765625,1009900,279.95001220703125,279.8900146484375,279.8900146484375
18-12-2020,271.9800109863281,280.80999755859375,1463600,281.3399963378906,275.7099914550781,275.7099914550781
21-12-2020,263.7799987792969,272.5,1521700,274.5199890136719,270.8299865722656,270.8299865722656
22-12-2020,268.6199951171875,269.29998779296875,1936700,286.5199890136719,286.44000244140625,286.44000244140625
23-12-2020,285.1700134277344,290.0,912900,292.7699890136719,285.17999267578125,285.17999267578125
24-12-2020,286.29998779296875,287.9599914550781,361300,292.79998779296875,287.5799865722656,287.5799865722656
28-12-2020,273.8500061035156,288.7300109863281,1041500,291.75,275.29998779296875,275.29998779296875
29-12-2020,273.010009765625,278.3299865722656,536800,281.4100036621094,275.54998779296875,275.54998779296875
30-12-2020,274.20001220703125,277.4200134277344,536700,278.0,276.05999755859375,276.05999755859375
31-12-2020,269.57000732421875,276.9700012207031,632400,277.3500061035156,272.25,272.25
04-01-2021,269.8999938964844,274.0,1134900,277.20001220703125,274.260009765625,274.260009765625
05-01-2021,270.0199890136719,270.0199890136719,793300,277.4800109863281,276.8599853515625,276.8599853515625
06-01-2021,265.25,270.3399963378906,1109200,274.8299865722656,268.57000732421875,268.57000732421875
07-01-2021,271.6300048828125,273.9100036621094,1068500,279.44000244140625,277.2799987792969,277.2799987792969
08-01-2021,278.2799987792969,279.0,1391600,289.1099853515625,288.5400085449219,288.5400085449219
11-01-2021,285.6199951171875,288.5400085449219,776600,292.2699890136719,287.8699951171875,287.8699951171875
12-01-2021,280.7900085449219,287.4200134277344,935600,289.0,283.1400146484375,283.1400146484375
13-01-2021,278.8299865722656,282.79998779296875,768200,283.9700012207031,282.0,282.0
14-01-2021,273.4700012207031,281.6099853515625,1577900,284.5299987792969,273.4700012207031,273.4700012207031
15-01-2021,268.1300048828125,274.45001220703125,1417700,276.8699951171875,271.010009765625,271.010009765625
19-01-2021,271.79998779296875,275.1199951171875,781700,279.0799865722656,278.04998779296875,278.04998779296875
20-01-2021,280.4700012207031,280.4800109863281,894700,288.2799987792969,287.6700134277344,287.6700134277344
21-01-2021,284.42999267578125,288.82000732421875,627200,290.25,286.8399963378906,286.8399963378906
22-01-2021,283.6600036621094,287.07000732421875,615000,288.9200134277344,288.69000244140625,288.69000244140625
25-01-2021,289.0899963378906,291.3500061035156,992000,297.5,292.5,292.5
26-01-2021,289.4800109863281,292.6099853515625,680900,294.760009765625,292.2200012207031,292.2200012207031
27-01-2021,275.54998779296875,287.92999267578125,1187600,290.0,279.9700012207031,279.9700012207031
28-01-2021,276.739990234375,278.1600036621094,789600,283.7300109863281,280.0,280.0
29-01-2021,273.6199951171875,279.5,633400,282.0,276.44000244140625,276.44000244140625
01-02-2021,276.54998779296875,276.8800048828125,578300,285.2200012207031,282.9100036621094,282.9100036621094
02-02-2021,287.260009765625,288.5400085449219,758400,294.3299865722656,290.9800109863281,290.9800109863281
03-02-2021,285.8299865722656,292.0,464700,292.94000244140625,286.04998779296875,286.04998779296875
04-02-2021,285.010009765625,286.9800109863281,389100,290.0,290.0,290.0
05-02-2021,289.8599853515625,290.2099914550781,706200,298.6000061035156,298.1499938964844,298.1499938964844
08-02-2021,295.2900085449219,298.9100036621094,644500,303.1700134277344,297.57000732421875,297.57000732421875
09-02-2021,297.45001220703125,297.57000732421875,761600,306.6700134277344,304.44000244140625,304.44000244140625
10-02-2021,305.4599914550781,306.4200134277344,1031000,319.67999267578125,310.95001220703125,310.95001220703125
11-02-2021,307.54998779296875,313.79998779296875,626800,316.8299865722656,309.3999938964844,309.3999938964844
12-02-2021,307.05999755859375,311.0,651000,318.57000732421875,318.0299987792969,318.0299987792969
16-02-2021,313.010009765625,321.0799865722656,661600,325.5400085449219,318.0899963378906,318.0899963378906
17-02-2021,308.8299865722656,316.45001220703125,665800,318.20001220703125,316.2900085449219,316.2900085449219
18-02-2021,308.67999267578125,311.8999938964844,728300,316.9599914550781,312.1600036621094,312.1600036621094
19-02-2021,312.80999755859375,315.5400085449219,938400,319.8500061035156,313.82000732421875,313.82000732421875
22-02-2021,286.2699890136719,310.0,2260700,311.8800048828125,293.1099853515625,293.1099853515625
23-02-2021,273.20001220703125,284.4599914550781,1285500,292.04998779296875,291.0,291.0
24-02-2021,286.75,292.0,807900,293.9800109863281,291.1400146484375,291.1400146484375
25-02-2021,278.3399963378906,288.70001220703125,787000,292.6400146484375,280.9599914550781,280.9599914550781
26-02-2021,271.57000732421875,281.4700012207031,1216100,284.0,280.1099853515625,280.1099853515625
01-03-2021,287.4599914550781,287.92999267578125,1008600,294.9200134277344,293.7099914550781,293.7099914550781
02-03-2021,285.7200012207031,292.0,1278900,293.9200134277344,287.29998779296875,287.29998779296875
03-03-2021,263.0299987792969,285.2200012207031,2290400,286.25,263.3500061035156,263.3500061035156
04-03-2021,243.64999389648438,260.1099853515625,3152400,261.67999267578125,256.1300048828125,256.1300048828125
05-03-2021,235.74000549316406,257.5,2240400,258.04998779296875,254.7899932861328,254.7899932861328
08-03-2021,239.4199981689453,253.22999572753906,1438000,257.8399963378906,241.1699981689453,241.1699981689453
09-03-2021,249.30999755859375,250.4600067138672,1195200,258.1499938964844,250.89999389648438,250.89999389648438
10-03-2021,249.83999633789062,257.3399963378906,969100,258.0,250.58999633789062,250.58999633789062
11-03-2021,254.30999755859375,256.989990234375,796600,263.6400146484375,261.2699890136719,261.2699890136719
12-03-2021,247.30999755859375,256.6600036621094,861200,258.5400085449219,257.7699890136719,257.7699890136719
15-03-2021,255.66000366210938,260.1600036621094,510300,262.7699890136719,261.7300109863281,261.7300109863281
16-03-2021,259.2300109863281,264.1199951171875,648000,268.0,261.07000732421875,261.07000732421875
17-03-2021,253.3699951171875,257.95001220703125,725700,262.0899963378906,259.3900146484375,259.3900146484375
18-03-2021,252.86000061035156,255.60000610351562,841200,258.57000732421875,253.17999267578125,253.17999267578125
19-03-2021,252.3300018310547,253.74000549316406,1318700,260.8800048828125,260.30999755859375,260.30999755859375
22-03-2021,259.8900146484375,259.8900146484375,1062500,269.75,267.2699890136719,267.2699890136719
23-03-2021,263.7300109863281,268.0,853500,268.3699951171875,264.94000244140625,264.94000244140625
24-03-2021,253.8800048828125,267.29998779296875,1051700,267.29998779296875,254.38999938964844,254.38999938964844
25-03-2021,244.16000366210938,250.0,1347800,250.7899932861328,249.3699951171875,249.3699951171875
26-03-2021,248.47000122070312,250.0,727600,254.64999389648438,254.39999389648438,254.39999389648438
29-03-2021,247.11000061035156,252.35000610351562,865600,253.6999969482422,249.89999389648438,249.89999389648438
30-03-2021,245.74000549316406,249.5800018310547,748000,250.9499969482422,249.42999267578125,249.42999267578125
31-03-2021,254.6699981689453,255.3699951171875,1191400,263.19000244140625,261.239990234375,261.239990234375
01-04-2021,264.8999938964844,265.5400085449219,908700,271.8900146484375,267.7699890136719,267.7699890136719
05-04-2021,262.239990234375,265.9800109863281,1016700,268.0,263.57000732421875,263.57000732421875
06-04-2021,260.510009765625,265.45001220703125,1210400,267.3500061035156,265.42999267578125,265.42999267578125
07-04-2021,257.75,265.3399963378906,783200,265.3399963378906,260.3800048828125,260.3800048828125
08-04-2021,262.3500061035156,265.17999267578125,716600,269.0,263.3800048828125,263.3800048828125
09-04-2021,259.0400085449219,262.1600036621094,728800,264.25,264.2300109863281,264.2300109863281
12-04-2021,260.0,263.0,747700,265.70001220703125,263.0400085449219,263.0400085449219
13-04-2021,264.510009765625,265.0,889800,274.2699890136719,270.6600036621094,270.6600036621094
14-04-2021,268.1099853515625,270.6600036621094,720100,274.5799865722656,268.2900085449219,268.2900085449219
15-04-2021,272.0,272.0,630900,277.20001220703125,275.82000732421875,275.82000732421875
16-04-2021,271.92999267578125,275.8999938964844,644500,277.4700012207031,273.07000732421875,273.07000732421875
19-04-2021,265.75,270.95001220703125,631000,271.29998779296875,270.3800048828125,270.3800048828125
20-04-2021,266.7900085449219,270.5,788300,274.8299865722656,268.8500061035156,268.8500061035156
21-04-2021,268.20001220703125,268.5799865722656,643700,275.95001220703125,274.7900085449219,274.7900085449219
22-04-2021,276.70001220703125,277.05999755859375,1188500,284.95001220703125,279.1099853515625,279.1099853515625
23-04-2021,279.1199951171875,280.0,381800,283.1000061035156,280.6300048828125,280.6300048828125
26-04-2021,278.75,281.19000244140625,490900,284.70001220703125,283.510009765625,283.510009765625
27-04-2021,278.75,283.6099853515625,522300,284.95001220703125,283.7200012207031,283.7200012207031
28-04-2021,280.4800109863281,283.17999267578125,599000,288.510009765625,286.5400085449219,286.5400085449219
29-04-2021,281.25,287.7300109863281,536100,288.0299987792969,282.010009765625,282.010009765625
30-04-2021,279.2099914550781,280.4200134277344,602900,284.6499938964844,282.45001220703125,282.45001220703125
03-05-2021,277.04998779296875,283.57000732421875,714000,284.5,277.760009765625,277.760009765625
04-05-2021,261.1000061035156,274.55999755859375,1052000,275.3900146484375,264.2699890136719,264.2699890136719
05-05-2021,259.32000732421875,266.1700134277344,830400,268.29998779296875,260.3699951171875,260.3699951171875
06-05-2021,251.1999969482422,258.79998779296875,720000,258.79998779296875,258.25,258.25
07-05-2021,258.3800048828125,261.45001220703125,429800,265.30999755859375,259.9599914550781,259.9599914550781
10-05-2021,247.9199981689453,255.9600067138672,1110800,256.7300109863281,249.13999938964844,249.13999938964844
11-05-2021,241.64999389648438,241.97000122070312,949900,254.61000061035156,252.80999755859375,252.80999755859375
12-05-2021,243.9499969482422,247.63999938964844,678600,251.22000122070312,247.02000427246094,247.02000427246094
13-05-2021,240.67999267578125,248.8699951171875,906000,250.82000732421875,245.66000366210938,245.66000366210938
14-05-2021,246.5500030517578,248.07000732421875,666700,254.13999938964844,251.6999969482422,251.6999969482422
17-05-2021,245.89999389648438,250.49000549316406,452500,252.47000122070312,247.9199981689453,247.9199981689453
18-05-2021,246.74000549316406,249.44000244140625,883700,253.99000549316406,252.38999938964844,252.38999938964844
19-05-2021,247.0800018310547,248.5500030517578,642800,254.83999633789062,253.25,253.25
20-05-2021,254.11000061035156,255.4499969482422,933000,264.5899963378906,263.9200134277344,263.9200134277344
21-05-2021,259.6600036621094,266.8800048828125,774200,267.9800109863281,260.30999755859375,260.30999755859375
24-05-2021,262.3299865722656,262.82000732421875,439900,265.3299865722656,262.80999755859375,262.80999755859375
25-05-2021,262.4100036621094,264.9700012207031,557400,266.0400085449219,264.6600036621094,264.6600036621094
26-05-2021,264.239990234375,267.1000061035156,897400,268.94000244140625,267.6099853515625,267.6099853515625
27-05-2021,260.739990234375,264.45001220703125,1188100,268.6000061035156,264.6499938964844,264.6499938964844
28-05-2021,288.0,288.54998779296875,2511900,302.0,291.3399963378906,291.3399963378906
01-06-2021,280.2200012207031,287.7300109863281,942400,290.8800048828125,285.510009765625,285.510009765625
02-06-2021,280.0,280.0,962000,291.7200012207031,290.3800048828125,290.3800048828125
03-06-2021,284.2799987792969,288.17999267578125,631700,291.260009765625,285.1400146484375,285.1400146484375
04-06-2021,283.239990234375,286.95001220703125,699100,289.80999755859375,288.2900085449219,288.2900085449219
07-06-2021,288.57000732421875,288.7900085449219,606000,295.1300048828125,291.45001220703125,291.45001220703125
08-06-2021,291.8900146484375,294.9100036621094,586500,296.95001220703125,292.489990234375,292.489990234375
09-06-2021,290.07000732421875,294.5899963378906,519400,295.8800048828125,290.6400146484375,290.6400146484375
10-06-2021,288.20001220703125,289.0,582000,295.7799987792969,294.9800109863281,294.9800109863281
11-06-2021,294.0199890136719,294.9100036621094,661500,299.510009765625,299.2099914550781,299.2099914550781
14-06-2021,298.9599914550781,299.2099914550781,586600,305.9700012207031,303.8999938964844,303.8999938964844
15-06-2021,299.0299987792969,303.8999938964844,444900,304.6199951171875,300.2200012207031,300.2200012207031
16-06-2021,294.489990234375,299.3500061035156,768500,301.29998779296875,297.8999938964844,297.8999938964844
17-06-2021,296.2900085449219,296.2900085449219,620400,307.6199951171875,305.3599853515625,305.3599853515625
18-06-2021,303.4200134277344,303.4200134277344,1139400,310.42999267578125,306.70001220703125,306.70001220703125
21-06-2021,300.25,306.70001220703125,685300,311.8800048828125,308.260009765625,308.260009765625
22-06-2021,304.8599853515625,307.0899963378906,646000,312.69000244140625,312.2200012207031,312.2200012207031
23-06-2021,310.6199951171875,311.6700134277344,447500,313.6700134277344,311.1199951171875,311.1199951171875
24-06-2021,311.010009765625,311.1199951171875,520300,314.75,312.0,312.0
25-06-2021,310.2799987792969,312.5799865722656,750600,314.0400085449219,312.44000244140625,312.44000244140625
28-06-2021,313.0199890136719,314.75,641900,321.1199951171875,318.75,318.75
29-06-2021,317.5299987792969,319.0899963378906,554900,322.4200134277344,320.1300048828125,320.1300048828125
30-06-2021,310.94000244140625,319.5400085449219,573700,319.5400085449219,310.95001220703125,310.95001220703125
01-07-2021,308.79998779296875,310.0,447100,313.95001220703125,313.6400146484375,313.6400146484375
02-07-2021,313.79998779296875,314.67999267578125,332000,317.54998779296875,316.1199951171875,316.1199951171875
06-07-2021,316.1400146484375,316.9100036621094,508800,321.6600036621094,320.55999755859375,320.55999755859375
07-07-2021,319.0,322.0,696300,325.30999755859375,324.9599914550781,324.9599914550781
08-07-2021,316.010009765625,318.5799865722656,423400,322.57000732421875,320.3999938964844,320.3999938964844
09-07-2021,317.3599853515625,319.07000732421875,307600,321.80999755859375,321.4100036621094,321.4100036621094
12-07-2021,318.8399963378906,325.0,493100,326.8900146484375,321.8699951171875,321.8699951171875
13-07-2021,319.79998779296875,322.0,423200,323.6700134277344,320.04998779296875,320.04998779296875
14-07-2021,314.95001220703125,323.5400085449219,436300,324.1099853515625,315.1600036621094,315.1600036621094
15-07-2021,309.6000061035156,314.80999755859375,520600,315.0,312.9200134277344,312.9200134277344
16-07-2021,312.9200134277344,314.7099914550781,354100,317.2799987792969,315.3999938964844,315.3999938964844
19-07-2021,310.79998779296875,313.0400085449219,469500,318.7300109863281,317.69000244140625,317.69000244140625
20-07-2021,316.42999267578125,318.6400146484375,837300,327.1000061035156,323.9599914550781,323.9599914550781
21-07-2021,320.25,327.55999755859375,489300,329.07000732421875,323.8699951171875,323.8699951171875
22-07-2021,324.0299987792969,325.2099914550781,299000,329.010009765625,328.07000732421875,328.07000732421875
23-07-2021,326.9100036621094,328.5400085449219,438600,333.55999755859375,333.05999755859375,333.05999755859375
26-07-2021,327.44000244140625,334.1000061035156,342100,334.1000061035156,328.3800048828125,328.3800048828125
27-07-2021,322.25,327.3599853515625,362600,328.6099853515625,326.42999267578125,326.42999267578125
28-07-2021,326.5,326.5,402400,333.6000061035156,332.1000061035156,332.1000061035156
29-07-2021,329.30999755859375,330.6700134277344,269200,335.0,332.6099853515625,332.6099853515625
30-07-2021,326.95001220703125,327.5,374600,334.3399963378906,332.7099914550781,332.7099914550781
02-08-2021,328.0,333.7300109863281,411700,334.75,332.7799987792969,332.7799987792969
03-08-2021,332.3699951171875,334.1600036621094,392300,338.69000244140625,338.04998779296875,338.04998779296875
04-08-2021,335.7900085449219,338.1499938964844,615500,341.94000244140625,340.9800109863281,340.9800109863281
05-08-2021,339.4700012207031,341.8800048828125,370000,343.9599914550781,341.0,341.0
06-08-2021,336.2699890136719,340.2300109863281,322100,342.29998779296875,338.82000732421875,338.82000732421875
09-08-2021,332.010009765625,339.95001220703125,887200,339.95001220703125,332.3399963378906,332.3399963378906
10-08-2021,319.5,333.8900146484375,1588400,333.92999267578125,319.8500061035156,319.8500061035156
11-08-2021,313.8900146484375,322.0,1308400,322.95001220703125,319.0899963378906,319.0899963378906
12-08-2021,318.8699951171875,319.7300109863281,588200,325.32000732421875,320.5,320.5
13-08-2021,317.55999755859375,320.2799987792969,774400,322.54998779296875,321.79998779296875,321.79998779296875
16-08-2021,317.75,322.3800048828125,770500,322.75,319.2200012207031,319.2200012207031
17-08-2021,315.3299865722656,317.3800048828125,604800,319.8299865722656,318.1300048828125,318.1300048828125
18-08-2021,316.6499938964844,318.20001220703125,587300,320.42999267578125,316.6499938964844,316.6499938964844
19-08-2021,315.5899963378906,315.5899963378906,1066500,321.739990234375,317.8900146484375,317.8900146484375
20-08-2021,317.5199890136719,320.70001220703125,728700,322.8699951171875,320.7200012207031,320.7200012207031
23-08-2021,320.1700134277344,321.7799987792969,779700,323.75,322.44000244140625,322.44000244140625
24-08-2021,321.2699890136719,323.260009765625,694700,326.9800109863281,321.8299865722656,321.8299865722656
25-08-2021,321.0,322.3500061035156,775900,326.7799987792969,326.0199890136719,326.0199890136719
26-08-2021,324.2900085449219,327.0,421700,331.54998779296875,324.55999755859375,324.55999755859375
27-08-2021,323.1300048828125,325.69000244140625,695600,332.8299865722656,330.4200134277344,330.4200134277344
30-08-2021,330.67999267578125,330.67999267578125,436500,336.5199890136719,332.6499938964844,332.6499938964844
31-08-2021,329.3399963378906,333.9100036621094,693600,334.3699951171875,331.9800109863281,331.9800109863281
01-09-2021,328.6700134277344,333.55999755859375,1068500,336.1300048828125,333.82000732421875,333.82000732421875
02-09-2021,306.5400085449219,313.8900146484375,3696100,316.7699890136719,315.94000244140625,315.94000244140625
03-09-2021,313.2099914550781,315.94000244140625,1192900,319.0,317.6400146484375,317.6400146484375
07-09-2021,308.1600036621094,316.4599914550781,1032500,317.5199890136719,309.7200012207031,309.7200012207031
08-09-2021,306.6000061035156,308.92999267578125,847000,313.67999267578125,307.25,307.25
09-09-2021,305.8500061035156,306.9700012207031,629100,310.8299865722656,306.1300048828125,306.1300048828125
10-09-2021,302.32000732421875,306.5,813100,307.9599914550781,302.82000732421875,302.82000732421875
13-09-2021,297.1199951171875,304.19000244140625,674900,304.19000244140625,298.9800109863281,298.9800109863281
14-09-2021,297.25,299.5199890136719,476400,300.75,299.010009765625,299.010009765625
15-09-2021,296.739990234375,299.44000244140625,545000,301.4599914550781,299.739990234375,299.739990234375
16-09-2021,298.54998779296875,298.54998779296875,881800,305.04998779296875,305.0,305.0
17-09-2021,301.489990234375,304.9800109863281,1935300,307.04998779296875,302.1400146484375,302.1400146484375
20-09-2021,293.2699890136719,298.6700134277344,559400,302.0,297.3500061035156,297.3500061035156
21-09-2021,297.3999938964844,298.9200134277344,336800,300.79998779296875,298.6400146484375,298.6400146484375
22-09-2021,296.8900146484375,300.0,719100,300.0,297.45001220703125,297.45001220703125
23-09-2021,296.6099853515625,299.1000061035156,571800,301.2699890136719,298.70001220703125,298.70001220703125
24-09-2021,295.239990234375,298.54998779296875,410500,299.94000244140625,299.92999267578125,299.92999267578125
27-09-2021,290.67999267578125,296.3800048828125,911200,297.0,294.9200134277344,294.9200134277344
28-09-2021,284.2099914550781,289.82000732421875,623000,290.7799987792969,285.1199951171875,285.1199951171875
29-09-2021,282.54998779296875,287.79998779296875,699900,289.0,282.94000244140625,282.94000244140625
30-09-2021,284.0,284.0,955700,289.4800109863281,288.1700134277344,288.1700134277344
01-10-2021,281.4100036621094,288.57000732421875,416300,288.6000061035156,287.2799987792969,287.2799987792969
04-10-2021,275.8500061035156,285.4200134277344,722600,285.4200134277344,279.55999755859375,279.55999755859375
05-10-2021,279.6700134277344,279.6700134277344,578600,282.8800048828125,280.0,280.0
06-10-2021,278.0400085449219,279.6199951171875,526300,284.2699890136719,282.25,282.25
07-10-2021,283.6400146484375,284.07000732421875,677200,290.6000061035156,288.0,288.0
08-10-2021,283.7099914550781,289.25,798300,289.6499938964844,286.5,286.5
11-10-2021,283.2300109863281,285.8999938964844,576500,287.5,284.20001220703125,284.20001220703125
12-10-2021,284.20001220703125,285.9700012207031,486700,289.3699951171875,286.0,286.0
13-10-2021,288.05999755859375,288.05999755859375,1071600,299.80999755859375,299.0,299.0
14-10-2021,303.2300109863281,303.2300109863281,873700,310.54998779296875,308.2900085449219,308.2900085449219
15-10-2021,306.07000732421875,308.1700134277344,537300,311.510009765625,309.44000244140625,309.44000244140625
18-10-2021,306.69000244140625,308.2900085449219,592300,311.2799987792969,310.489990234375,310.489990234375
19-10-2021,311.5,312.3500061035156,727500,319.9599914550781,319.239990234375,319.239990234375
20-10-2021,318.9200134277344,320.0,754800,323.92999267578125,320.0,320.0
21-10-2021,320.55999755859375,321.6000061035156,896600,325.8500061035156,325.25,325.25
22-10-2021,320.29998779296875,325.82000732421875,470800,327.7799987792969,320.55999755859375,320.55999755859375
25-10-2021,316.8699951171875,321.0,889600,325.3800048828125,321.6499938964844,321.6499938964844
26-10-2021,321.1300048828125,322.95001220703125,538700,325.010009765625,322.989990234375,322.989990234375
27-10-2021,312.92999267578125,323.79998779296875,837800,325.6600036621094,313.4599914550781,313.4599914550781
28-10-2021,311.54998779296875,313.69000244140625,739200,319.82000732421875,314.260009765625,314.260009765625
29-10-2021,312.1499938964844,312.6600036621094,628900,320.79998779296875,317.010009765625,317.010009765625
01-11-2021,313.3299865722656,317.1300048828125,477000,320.5299987792969,314.80999755859375,314.80999755859375
02-11-2021,312.010009765625,315.8599853515625,434200,316.1600036621094,316.0299987792969,316.0299987792969
03-11-2021,311.7099914550781,316.20001220703125,285600,318.54998779296875,318.1600036621094,318.1600036621094
04-11-2021,317.5799865722656,319.0,388400,321.8699951171875,320.010009765625,320.010009765625
05-11-2021,315.7900085449219,317.7200012207031,392300,323.4599914550781,318.82000732421875,318.82000732421875
08-11-2021,316.70001220703125,319.3900146484375,428400,322.5199890136719,320.45001220703125,320.45001220703125
09-11-2021,318.6499938964844,320.0899963378906,283400,322.5199890136719,320.0899963378906,320.0899963378906
10-11-2021,311.42999267578125,316.9200134277344,373100,321.57000732421875,313.7799987792969,313.7799987792969
11-11-2021,312.30999755859375,314.94000244140625,217900,315.67999267578125,312.92999267578125,312.92999267578125
12-11-2021,314.3399963378906,316.4599914550781,331600,319.54998779296875,317.6700134277344,317.6700134277344
15-11-2021,315.0899963378906,317.07000732421875,252400,319.3399963378906,315.5400085449219,315.5400085449219
16-11-2021,314.30999755859375,314.3399963378906,434500,320.0799865722656,319.8599853515625,319.8599853515625
17-11-2021,313.69000244140625,321.07000732421875,282900,321.07000732421875,315.1499938964844,315.1499938964844
18-11-2021,306.25,316.8800048828125,544800,316.8800048828125,307.4100036621094,307.4100036621094
19-11-2021,304.4599914550781,307.8999938964844,457200,310.75,305.1400146484375,305.1400146484375
22-11-2021,291.94000244140625,305.2799987792969,1053300,305.2799987792969,292.04998779296875,292.04998779296875
23-11-2021,282.0,288.82000732421875,1057000,290.7099914550781,288.4200134277344,288.4200134277344
24-11-2021,282.30999755859375,287.2799987792969,1054300,292.7300109863281,291.0,291.0
26-11-2021,288.3999938964844,292.9200134277344,399000,297.92999267578125,289.5799865722656,289.5799865722656
29-11-2021,289.7099914550781,291.760009765625,1085500,296.0,294.0899963378906,294.0899963378906
30-11-2021,280.0400085449219,295.2799987792969,1782600,296.6600036621094,282.5799865722656,282.5799865722656
01-12-2021,271.2799987792969,286.42999267578125,1434000,287.5,272.1199951171875,272.1199951171875
02-12-2021,243.6999969482422,245.6199951171875,3196900,263.19000244140625,262.4100036621094,262.4100036621094
03-12-2021,247.02999877929688,261.9599914550781,1799300,264.0,249.49000549316406,249.49000549316406
06-12-2021,249.2100067138672,249.33999633789062,1654900,263.75,262.3699951171875,262.3699951171875
07-12-2021,266.1000061035156,270.3699951171875,1432700,273.489990234375,269.9800109863281,269.9800109863281
08-12-2021,266.989990234375,269.4100036621094,860400,273.0899963378906,272.82000732421875,272.82000732421875
09-12-2021,266.760009765625,272.8999938964844,1036600,274.2900085449219,267.3299865722656,267.3299865722656
10-12-2021,262.6499938964844,267.8299865722656,1438400,272.0,265.7900085449219,265.7900085449219
13-12-2021,265.6600036621094,266.1499938964844,892200,271.45001220703125,266.8299865722656,266.8299865722656
14-12-2021,258.5,265.55999755859375,1173600,268.79998779296875,262.0,262.0
15-12-2021,256.9599914550781,262.44000244140625,1131500,265.3800048828125,263.4700012207031,263.4700012207031
16-12-2021,252.3000030517578,253.50999450683594,1221500,262.94000244140625,254.22999572753906,254.22999572753906
17-12-2021,252.94000244140625,254.25,1774500,260.6000061035156,256.92999267578125,256.92999267578125
20-12-2021,249.75,252.85000610351562,898100,255.58999633789062,250.72000122070312,250.72000122070312
21-12-2021,253.33999633789062,253.74000549316406,944100,264.0400085449219,263.45001220703125,263.45001220703125
22-12-2021,259.70001220703125,263.45001220703125,578100,266.7200012207031,261.25,261.25
23-12-2021,258.5799865722656,262.9800109863281,485000,263.8699951171875,260.6099853515625,260.6099853515625
27-12-2021,259.17999267578125,260.0,427300,263.6000061035156,262.8599853515625,262.8599853515625
28-12-2021,258.0899963378906,264.3599853515625,443100,264.3599853515625,258.4100036621094,258.4100036621094
29-12-2021,256.2200012207031,257.32000732421875,479500,259.6499938964844,258.8699951171875,258.8699951171875
30-12-2021,259.6400146484375,260.1000061035156,331100,263.54998779296875,260.010009765625,260.010009765625
31-12-2021,255.39999389648438,259.04998779296875,476000,260.3699951171875,255.47999572753906,255.47999572753906
03-01-2022,250.77999877929688,256.3900146484375,661800,257.67999267578125,256.30999755859375,256.30999755859375
04-01-2022,246.10000610351562,256.1099853515625,1287500,256.8699951171875,255.02000427246094,255.02000427246094
05-01-2022,241.39999389648438,252.39999389648438,1253000,255.6300048828125,241.57000732421875,241.57000732421875
06-01-2022,238.58999633789062,243.58999633789062,1285800,249.4600067138672,241.6699981689453,241.6699981689453
07-01-2022,231.08999633789062,235.88999938964844,1277200,242.4600067138672,231.47000122070312,231.47000122070312
10-01-2022,223.91000366210938,225.50999450683594,1772600,240.3000030517578,239.86000061035156,239.86000061035156
11-01-2022,235.39999389648438,239.25999450683594,633500,241.8800048828125,240.0399932861328,240.0399932861328
12-01-2022,235.88999938964844,240.52000427246094,848700,244.8300018310547,239.6999969482422,239.6999969482422
13-01-2022,227.1300048828125,239.75,783300,241.92999267578125,227.14999389648438,227.14999389648438
14-01-2022,221.47999572753906,226.82000732421875,1377000,230.0,223.85000610351562,223.85000610351562
18-01-2022,216.61000061035156,220.0,1062500,223.4600067138672,218.27000427246094,218.27000427246094
19-01-2022,216.75,219.17999267578125,1027000,224.0,220.1300048828125,220.1300048828125
20-01-2022,222.00999450683594,222.5399932861328,1328900,230.99000549316406,222.67999267578125,222.67999267578125
21-01-2022,219.2100067138672,220.82000732421875,1588500,227.9600067138672,222.0800018310547,222.0800018310547
24-01-2022,214.75,214.75,1684100,227.86000061035156,227.36000061035156,227.36000061035156
25-01-2022,220.11000061035156,222.97999572753906,1623600,227.10000610351562,221.32000732421875,221.32000732421875
26-01-2022,214.55999755859375,226.8300018310547,1416800,229.64999389648438,217.16000366210938,217.16000366210938
27-01-2022,212.49000549316406,219.91000366210938,1219800,224.5399932861328,214.5800018310547,214.5800018310547
28-01-2022,212.50999450683594,218.9499969482422,952500,225.17999267578125,224.74000549316406,224.74000549316406
31-01-2022,224.75999450683594,226.49000549316406,1078400,236.8300018310547,236.5399932861328,236.5399932861328
01-02-2022,231.6999969482422,236.16000366210938,850900,238.89999389648438,238.10000610351562,238.10000610351562
02-02-2022,232.35000610351562,236.85000610351562,654100,239.30999755859375,235.72999572753906,235.72999572753906
03-02-2022,227.72000122070312,231.24000549316406,783700,233.1999969482422,228.92999267578125,228.92999267578125
04-02-2022,228.17999267578125,229.72999572753906,960500,235.8699951171875,232.80999755859375,232.80999755859375
07-02-2022,230.58999633789062,231.58999633789062,472900,237.25,232.1300048828125,232.1300048828125
08-02-2022,227.41000366210938,229.10000610351562,824200,232.80999755859375,231.97999572753906,231.97999572753906
09-02-2022,233.05999755859375,235.1999969482422,729200,237.44000244140625,236.66000366210938,236.66000366210938
10-02-2022,230.22999572753906,232.0500030517578,956400,239.6699981689453,233.5500030517578,233.5500030517578
11-02-2022,226.25999450683594,234.52000427246094,802700,237.4499969482422,228.38999938964844,228.38999938964844
14-02-2022,225.0,225.52000427246094,122169,233.61000061035156,231.55499267578125,231.55499267578125
