Date,Low,Open,Volume,High,Close,Adjusted Close
30-04-1997,287.5,294.4444580078125,93587,302.77777099609375,291.6666564941406,216.30580139160156
01-05-1997,288.8888854980469,294.4444580078125,27077,297.22222900390625,288.8888854980469,214.24578857421875
02-05-1997,288.8888854980469,288.8888854980469,12870,291.6666564941406,291.6666564941406,216.30580139160156
05-05-1997,288.8888854980469,288.8888854980469,4869,300.0,297.22222900390625,220.42591857910156
06-05-1997,297.22222900390625,297.22222900390625,10287,311.1111145019531,300.0,222.48597717285156
07-05-1997,294.4444580078125,302.77777099609375,6296,302.77777099609375,300.0,222.48597717285156
08-05-1997,294.4444580078125,294.4444580078125,1814,311.1111145019531,308.3333435058594,228.66622924804688
09-05-1997,300.0,308.3333435058594,3825,308.3333435058594,305.5555419921875,226.60614013671875
12-05-1997,300.0,305.5555419921875,4424,308.3333435058594,305.5555419921875,226.60614013671875
13-05-1997,302.77777099609375,305.5555419921875,11781,325.0,319.4444580078125,236.90635681152344
14-05-1997,300.0,333.3333435058594,16862,333.3333435058594,306.9444580078125,227.6361541748047
15-05-1997,300.0,308.3333435058594,8708,308.3333435058594,300.0,222.48597717285156
16-05-1997,294.4444580078125,300.0,6386,305.5555419921875,302.77777099609375,224.546142578125
19-05-1997,297.22222900390625,305.5555419921875,3488,305.5555419921875,302.77777099609375,224.546142578125
20-05-1997,297.22222900390625,305.5555419921875,1976,305.5555419921875,302.77777099609375,224.546142578125
21-05-1997,300.0,305.5555419921875,4608,313.8888854980469,308.3333435058594,228.66622924804688
22-05-1997,305.5555419921875,305.5555419921875,2988,316.6666564941406,305.5555419921875,226.60614013671875
23-05-1997,305.5555419921875,316.6666564941406,3830,316.6666564941406,308.3333435058594,228.66622924804688
27-05-1997,311.1111145019531,319.4444580078125,9374,327.77777099609375,319.4444580078125,236.90635681152344
28-05-1997,325.0,338.8888854980469,16277,338.8888854980469,333.3333435058594,247.2066650390625
29-05-1997,325.0,327.77777099609375,12708,336.1111145019531,333.3333435058594,247.2066650390625
30-05-1997,322.22222900390625,325.0,9455,338.8888854980469,336.1111145019531,249.2666473388672
02-06-1997,330.5555419921875,336.1111145019531,3195,336.1111145019531,333.3333435058594,247.2066650390625
03-06-1997,327.77777099609375,327.77777099609375,7520,341.6666564941406,341.6666564941406,253.38690185546875
04-06-1997,338.8888854980469,341.6666564941406,6062,355.5555419921875,352.77777099609375,261.6270446777344
05-06-1997,347.22222900390625,347.22222900390625,7439,372.22222900390625,366.6666564941406,271.92742919921875
06-06-1997,361.1111145019531,372.22222900390625,4631,372.22222900390625,365.27777099609375,270.8972473144531
09-06-1997,355.5555419921875,369.4444580078125,3029,369.4444580078125,363.8888854980469,269.8672790527344
10-06-1997,355.5555419921875,369.4444580078125,5612,369.4444580078125,361.1111145019531,267.8073425292969
11-06-1997,361.1111145019531,361.1111145019531,4730,372.22222900390625,363.8888854980469,269.8672790527344
12-06-1997,361.1111145019531,363.8888854980469,3848,372.22222900390625,361.1111145019531,267.8073425292969
13-06-1997,361.1111145019531,372.22222900390625,3209,372.22222900390625,369.4444580078125,273.9873352050781
16-06-1997,361.1111145019531,369.4444580078125,9302,369.4444580078125,366.6666564941406,271.92742919921875
17-06-1997,361.1111145019531,366.6666564941406,4086,372.22222900390625,366.6666564941406,271.92742919921875
18-06-1997,358.3333435058594,369.4444580078125,2741,369.4444580078125,359.72222900390625,266.7772521972656
19-06-1997,343.0555419921875,366.6666564941406,4730,366.6666564941406,343.0555419921875,254.4168243408203
20-06-1997,338.8888854980469,347.22222900390625,3992,358.3333435058594,350.0,259.5670166015625
23-06-1997,347.22222900390625,358.3333435058594,1926,358.3333435058594,347.22222900390625,257.5069580078125
24-06-1997,344.4444580078125,352.77777099609375,3470,355.5555419921875,352.77777099609375,261.6270446777344
25-06-1997,344.4444580078125,347.22222900390625,2871,355.5555419921875,350.0,259.5670166015625
26-06-1997,347.22222900390625,352.77777099609375,1638,361.1111145019531,361.1111145019531,267.8073425292969
27-06-1997,355.5555419921875,363.8888854980469,1805,363.8888854980469,356.9444580078125,264.7171936035156
30-06-1997,350.0,361.1111145019531,3204,361.1111145019531,361.1111145019531,267.8073425292969
01-07-1997,352.77777099609375,361.1111145019531,2453,362.5,358.3333435058594,265.7471008300781
02-07-1997,352.77777099609375,362.5,2255,363.8888854980469,358.3333435058594,265.7471008300781
03-07-1997,352.77777099609375,358.3333435058594,1931,358.3333435058594,355.5555419921875,263.6871032714844
07-07-1997,355.5555419921875,355.5555419921875,2034,363.8888854980469,362.5,268.8372497558594
08-07-1997,355.5555419921875,363.8888854980469,1634,366.6666564941406,355.5555419921875,263.6871032714844
09-07-1997,355.5555419921875,355.5555419921875,2853,363.8888854980469,361.1111145019531,267.8073425292969
10-07-1997,355.5555419921875,355.5555419921875,3690,376.3888854980469,375.0,278.1074523925781
11-07-1997,372.22222900390625,375.0,6071,383.3333435058594,383.3333435058594,284.2876892089844
14-07-1997,369.4444580078125,380.5555419921875,2849,383.3333435058594,369.4444580078125,273.9873352050781
15-07-1997,366.6666564941406,372.22222900390625,4680,380.5555419921875,375.0,278.1074523925781
16-07-1997,369.4444580078125,377.77777099609375,4500,386.1111145019531,386.1111145019531,286.34771728515625
17-07-1997,380.5555419921875,386.1111145019531,3794,391.6666564941406,391.6666564941406,290.4678649902344
18-07-1997,386.1111145019531,388.8888854980469,2354,394.4444580078125,388.8888854980469,288.40789794921875
21-07-1997,386.1111145019531,391.6666564941406,1706,394.4444580078125,391.6666564941406,290.4678649902344
22-07-1997,388.8888854980469,394.4444580078125,4140,397.22222900390625,394.4444580078125,292.5278625488281
23-07-1997,388.8888854980469,394.4444580078125,2849,394.4444580078125,391.6666564941406,290.4678649902344
24-07-1997,380.5555419921875,388.8888854980469,3263,394.4444580078125,388.8888854980469,288.40789794921875
25-07-1997,380.5555419921875,383.3333435058594,2502,388.8888854980469,381.9444580078125,283.2575988769531
28-07-1997,381.9444580078125,381.9444580078125,950,395.8333435058594,395.8333435058594,293.557861328125
29-07-1997,388.8888854980469,397.22222900390625,2282,400.0,400.0,296.64801025390625
30-07-1997,397.22222900390625,400.0,3983,425.0,419.4444580078125,311.0684509277344
31-07-1997,394.4444580078125,420.8333435058594,5283,422.22222900390625,405.5555419921875,300.76806640625
01-08-1997,397.22222900390625,405.5555419921875,3686,413.8888854980469,411.1111145019531,304.88818359375
04-08-1997,400.0,400.0,1728,422.22222900390625,419.4444580078125,311.0684509277344
05-08-1997,413.8888854980469,422.22222900390625,1152,427.77777099609375,422.22222900390625,313.12835693359375
06-08-1997,422.22222900390625,427.77777099609375,3870,430.5555419921875,425.0,315.1884765625
07-08-1997,422.22222900390625,430.5555419921875,1971,430.5555419921875,425.0,315.1884765625
08-08-1997,405.5555419921875,422.22222900390625,4451,422.22222900390625,419.4444580078125,311.0684509277344
11-08-1997,411.1111145019531,419.4444580078125,2885,444.4444580078125,444.4444580078125,329.60882568359375
12-08-1997,427.77777099609375,433.3333435058594,13032,436.1111145019531,427.77777099609375,317.2486267089844
13-08-1997,425.0,427.77777099609375,10778,438.8888854980469,438.8888854980469,325.4888000488281
14-08-1997,427.77777099609375,427.77777099609375,1485,438.8888854980469,430.5555419921875,319.30859375
15-08-1997,422.22222900390625,433.3333435058594,590,433.3333435058594,427.77777099609375,317.2486267089844
18-08-1997,416.6666564941406,433.3333435058594,2750,433.3333435058594,416.6666564941406,309.00836181640625
19-08-1997,408.3333435058594,427.77777099609375,936,427.77777099609375,408.3333435058594,302.8280944824219
20-08-1997,411.1111145019531,413.8888854980469,1031,422.22222900390625,422.22222900390625,313.12835693359375
21-08-1997,416.6666564941406,416.6666564941406,851,436.1111145019531,425.0,315.1884765625
22-08-1997,408.3333435058594,411.1111145019531,549,419.4444580078125,416.6666564941406,309.00836181640625
25-08-1997,416.6666564941406,422.22222900390625,1026,436.1111145019531,436.1111145019531,323.42864990234375
26-08-1997,427.77777099609375,436.1111145019531,2772,441.6666564941406,438.8888854980469,325.4888000488281
27-08-1997,436.1111145019531,441.6666564941406,1067,444.4444580078125,441.6666564941406,327.5488586425781
28-08-1997,427.77777099609375,436.1111145019531,765,438.8888854980469,430.5555419921875,319.30859375
29-08-1997,430.5555419921875,438.8888854980469,833,441.6666564941406,436.1111145019531,323.42864990234375
02-09-1997,430.5555419921875,430.5555419921875,608,444.4444580078125,433.3333435058594,321.36871337890625
03-09-1997,427.77777099609375,438.8888854980469,2498,450.0,438.8888854980469,325.4888000488281
04-09-1997,427.77777099609375,444.4444580078125,1283,444.4444580078125,436.1111145019531,323.42864990234375
05-09-1997,422.22222900390625,433.3333435058594,509,438.8888854980469,425.0,315.1884765625
08-09-1997,419.4444580078125,425.0,2655,444.4444580078125,433.3333435058594,321.36871337890625
09-09-1997,433.3333435058594,433.3333435058594,1593,447.22222900390625,444.4444580078125,329.60882568359375
10-09-1997,441.6666564941406,441.6666564941406,1526,450.0,450.0,333.7290344238281
11-09-1997,441.6666564941406,444.4444580078125,2966,455.5555419921875,450.0,333.7290344238281
12-09-1997,447.22222900390625,455.5555419921875,1004,458.3333435058594,452.77777099609375,335.7889709472656
15-09-1997,450.0,458.3333435058594,500,458.3333435058594,458.3333435058594,339.90924072265625
16-09-1997,450.0,450.0,342,458.3333435058594,458.3333435058594,339.90924072265625
17-09-1997,452.77777099609375,458.3333435058594,324,458.3333435058594,456.9444580078125,338.8792419433594
18-09-1997,458.3333435058594,458.3333435058594,1571,475.0,461.1111145019531,341.9693603515625
19-09-1997,458.3333435058594,461.1111145019531,3227,472.22222900390625,472.22222900390625,350.2095031738281
22-09-1997,461.1111145019531,472.22222900390625,2313,486.1111145019531,477.77777099609375,354.3294372558594
23-09-1997,463.8888854980469,475.0,2885,486.1111145019531,469.4444580078125,348.1494140625
24-09-1997,466.6666564941406,469.4444580078125,1566,480.5555419921875,466.6666564941406,346.0892333984375
25-09-1997,463.8888854980469,463.8888854980469,630,466.6666564941406,463.8888854980469,344.0293273925781
26-09-1997,461.1111145019531,466.6666564941406,1247,466.6666564941406,463.8888854980469,344.0293273925781
29-09-1997,458.3333435058594,472.22222900390625,1179,472.22222900390625,461.1111145019531,341.9693603515625
30-09-1997,461.1111145019531,461.1111145019531,905,466.6666564941406,461.1111145019531,341.9693603515625
01-10-1997,461.1111145019531,461.1111145019531,1814,469.4444580078125,461.1111145019531,341.9693603515625
02-10-1997,444.4444580078125,462.5,1166,466.6666564941406,444.4444580078125,329.60882568359375
03-10-1997,447.22222900390625,450.0,1125,458.3333435058594,455.5555419921875,337.8491516113281
06-10-1997,447.22222900390625,450.0,887,458.3333435058594,450.0,333.7290344238281
07-10-1997,433.3333435058594,447.22222900390625,2367,447.22222900390625,433.3333435058594,321.36871337890625
08-10-1997,416.6666564941406,438.8888854980469,1440,438.8888854980469,416.6666564941406,309.00836181640625
09-10-1997,402.77777099609375,416.6666564941406,1530,416.6666564941406,405.5555419921875,300.76806640625
10-10-1997,397.22222900390625,400.0,3834,433.3333435058594,433.3333435058594,321.36871337890625
13-10-1997,433.3333435058594,433.3333435058594,1476,458.3333435058594,452.77777099609375,335.7889709472656
14-10-1997,450.0,458.3333435058594,1184,466.6666564941406,466.6666564941406,346.0892333984375
15-10-1997,461.1111145019531,461.1111145019531,1368,477.77777099609375,477.77777099609375,354.3294372558594
16-10-1997,469.4444580078125,477.77777099609375,1332,494.4444580078125,483.3333435058594,358.44970703125
17-10-1997,477.77777099609375,483.3333435058594,1584,483.3333435058594,483.3333435058594,358.44970703125
20-10-1997,472.22222900390625,477.77777099609375,648,480.5555419921875,475.0,352.26959228515625
21-10-1997,472.22222900390625,472.22222900390625,1296,480.5555419921875,477.77777099609375,354.3294372558594
22-10-1997,475.0,483.3333435058594,842,490.27777099609375,475.0,352.26959228515625
23-10-1997,438.8888854980469,473.6111145019531,2048,473.6111145019531,444.4444580078125,329.60882568359375
24-10-1997,438.8888854980469,461.1111145019531,2430,466.6666564941406,444.4444580078125,329.60882568359375
27-10-1997,369.4444580078125,430.5555419921875,4523,436.1111145019531,400.0,296.64801025390625
28-10-1997,361.1111145019531,363.8888854980469,4190,438.8888854980469,433.3333435058594,321.36871337890625
29-10-1997,422.22222900390625,436.1111145019531,698,436.1111145019531,433.3333435058594,322.4433898925781
30-10-1997,411.1111145019531,433.3333435058594,495,433.3333435058594,419.4444580078125,312.10882568359375
31-10-1997,402.77777099609375,425.0,914,425.0,419.4444580078125,312.10882568359375
03-11-1997,419.4444580078125,433.3333435058594,252,433.3333435058594,419.4444580078125,312.10882568359375
04-11-1997,411.1111145019531,411.1111145019531,657,436.1111145019531,422.22222900390625,314.1756896972656
05-11-1997,411.1111145019531,422.22222900390625,1368,422.22222900390625,422.22222900390625,314.1756896972656
06-11-1997,411.1111145019531,411.1111145019531,270,422.22222900390625,413.8888854980469,307.97479248046875
07-11-1997,397.22222900390625,411.1111145019531,1679,413.8888854980469,411.1111145019531,305.9079284667969
10-11-1997,405.5555419921875,405.5555419921875,882,416.6666564941406,411.1111145019531,305.9079284667969
11-11-1997,388.8888854980469,416.6666564941406,909,416.6666564941406,397.22222900390625,295.5732116699219
12-11-1997,375.0,388.8888854980469,2327,411.1111145019531,400.0,297.6401062011719
13-11-1997,391.6666564941406,402.77777099609375,1130,411.1111145019531,411.1111145019531,305.9079284667969
14-11-1997,411.1111145019531,413.8888854980469,707,416.6666564941406,413.8888854980469,307.97479248046875
17-11-1997,416.6666564941406,416.6666564941406,2196,430.5555419921875,430.5555419921875,320.3764953613281
18-11-1997,430.5555419921875,430.5555419921875,11304,441.6666564941406,433.3333435058594,322.4433898925781
19-11-1997,422.22222900390625,430.5555419921875,3933,444.4444580078125,430.5555419921875,320.3764953613281
20-11-1997,411.1111145019531,434.72222900390625,2556,441.6666564941406,412.5,306.94134521484375
21-11-1997,411.1111145019531,413.8888854980469,464,422.22222900390625,422.22222900390625,314.1756896972656
24-11-1997,411.1111145019531,422.22222900390625,1908,422.22222900390625,413.8888854980469,307.97479248046875
25-11-1997,405.5555419921875,411.1111145019531,851,416.6666564941406,416.6666564941406,310.04180908203125
26-11-1997,408.3333435058594,408.3333435058594,198,422.22222900390625,422.22222900390625,314.1756896972656
28-11-1997,405.5555419921875,411.1111145019531,342,416.6666564941406,405.5555419921875,301.7740173339844
01-12-1997,408.3333435058594,419.4444580078125,1391,419.4444580078125,416.6666564941406,310.04180908203125
02-12-1997,420.8333435058594,422.22222900390625,149,425.0,425.0,316.2426452636719
03-12-1997,408.3333435058594,425.0,1112,425.0,419.4444580078125,312.10882568359375
04-12-1997,425.0,425.0,464,436.1111145019531,436.1111145019531,324.5104675292969
05-12-1997,425.0,425.0,225,436.1111145019531,425.0,316.2426452636719
08-12-1997,419.4444580078125,425.0,783,438.8888854980469,427.77777099609375,318.30963134765625
09-12-1997,422.22222900390625,430.5555419921875,347,436.1111145019531,430.5555419921875,320.3764953613281
10-12-1997,424.3055419921875,427.77777099609375,1463,438.8888854980469,438.8888854980469,326.5773620605469
11-12-1997,430.5555419921875,430.5555419921875,617,438.8888854980469,436.1111145019531,324.5104675292969
12-12-1997,422.22222900390625,438.8888854980469,671,438.8888854980469,425.0,316.2426452636719
15-12-1997,422.22222900390625,422.22222900390625,1184,438.8888854980469,436.1111145019531,324.5104675292969
16-12-1997,427.77777099609375,427.77777099609375,1175,441.6666564941406,436.1111145019531,324.5104675292969
17-12-1997,433.3333435058594,433.3333435058594,1886,441.6666564941406,438.8888854980469,326.5773620605469
18-12-1997,430.5555419921875,438.8888854980469,2502,444.4444580078125,436.1111145019531,324.5104675292969
19-12-1997,425.0,427.77777099609375,1809,438.8888854980469,433.3333435058594,322.4433898925781
22-12-1997,433.3333435058594,438.8888854980469,3051,438.8888854980469,437.5,325.5438537597656
23-12-1997,433.3333435058594,434.72222900390625,1427,441.6666564941406,433.3333435058594,322.4433898925781
24-12-1997,433.3333435058594,434.72222900390625,1355,441.6666564941406,438.8888854980469,326.5773620605469
26-12-1997,433.3333435058594,433.3333435058594,783,441.6666564941406,436.1111145019531,324.5104675292969
29-12-1997,436.1111145019531,438.8888854980469,2426,444.4444580078125,438.8888854980469,326.5773620605469
30-12-1997,436.1111145019531,436.1111145019531,986,440.27777099609375,437.5,325.5438537597656
31-12-1997,431.9444580078125,436.1111145019531,1022,440.27777099609375,439.9305419921875,327.3525390625
02-01-1998,431.9444580078125,440.27777099609375,7583,440.27777099609375,440.27777099609375,327.6106872558594
05-01-1998,433.3333435058594,440.27777099609375,3704,440.27777099609375,440.27777099609375,327.6106872558594
06-01-1998,438.8888854980469,440.27777099609375,1476,444.4444580078125,444.4444580078125,330.7112731933594
07-01-1998,422.22222900390625,438.8888854980469,2840,444.4444580078125,430.5555419921875,320.3764953613281
08-01-1998,419.4444580078125,419.4444580078125,1341,433.3333435058594,430.5555419921875,320.3764953613281
09-01-1998,397.22222900390625,422.22222900390625,4311,427.77777099609375,398.6111145019531,296.6066589355469
12-01-1998,388.8888854980469,400.0,959,411.1111145019531,394.4444580078125,293.5062255859375
13-01-1998,402.77777099609375,413.8888854980469,698,416.6666564941406,416.6666564941406,310.04180908203125
14-01-1998,416.6666564941406,422.22222900390625,2439,436.1111145019531,427.77777099609375,318.30963134765625
15-01-1998,422.22222900390625,422.22222900390625,1107,429.1666564941406,422.9166564941406,314.69244384765625
16-01-1998,422.22222900390625,433.3333435058594,1944,438.8888854980469,430.5555419921875,320.3764953613281
20-01-1998,427.77777099609375,436.1111145019531,783,436.1111145019531,433.3333435058594,322.4433898925781
21-01-1998,427.77777099609375,427.77777099609375,819,436.1111145019531,436.1111145019531,324.5104675292969
22-01-1998,419.4444580078125,419.4444580078125,1436,433.3333435058594,427.77777099609375,318.30963134765625
23-01-1998,419.4444580078125,425.0,6075,437.5,434.72222900390625,323.4770202636719
26-01-1998,425.0,427.77777099609375,5855,444.4444580078125,444.4444580078125,330.7112731933594
27-01-1998,433.3333435058594,434.72222900390625,4932,455.5555419921875,452.77777099609375,336.91217041015625
28-01-1998,441.6666564941406,452.77777099609375,1089,452.77777099609375,450.0,335.9168701171875
29-01-1998,441.6666564941406,452.77777099609375,3353,452.77777099609375,444.4444580078125,331.76971435546875
30-01-1998,441.6666564941406,455.5555419921875,995,455.5555419921875,447.22222900390625,333.8431701660156
02-02-1998,441.6666564941406,444.4444580078125,3002,458.3333435058594,447.22222900390625,333.8431701660156
03-02-1998,438.8888854980469,438.8888854980469,909,447.22222900390625,447.22222900390625,333.8431701660156
04-02-1998,438.8888854980469,444.4444580078125,774,455.5555419921875,438.8888854980469,327.62261962890625
05-02-1998,441.6666564941406,444.4444580078125,2921,445.8333435058594,441.6666564941406,329.6961364746094
06-02-1998,443.0555419921875,452.77777099609375,1013,452.77777099609375,444.4444580078125,331.76971435546875
09-02-1998,444.4444580078125,444.4444580078125,1206,450.0,444.4444580078125,331.76971435546875
10-02-1998,441.6666564941406,445.8333435058594,2142,447.22222900390625,444.4444580078125,331.76971435546875
11-02-1998,441.6666564941406,447.22222900390625,2952,466.6666564941406,466.6666564941406,348.3580627441406
12-02-1998,450.0,465.27777099609375,2439,466.6666564941406,463.8888854980469,346.2845764160156
13-02-1998,463.8888854980469,463.8888854980469,2664,486.1111145019531,486.1111145019531,362.8730773925781
17-02-1998,477.77777099609375,477.77777099609375,4698,491.6666564941406,486.1111145019531,362.8730773925781
18-02-1998,486.1111145019531,486.1111145019531,4257,494.4444580078125,494.4444580078125,369.0937194824219
19-02-1998,488.8888854980469,497.22222900390625,2129,505.5555419921875,494.4444580078125,369.0937194824219
20-02-1998,472.22222900390625,488.8888854980469,1193,497.22222900390625,484.72222900390625,361.8362731933594
23-02-1998,475.0,488.8888854980469,5373,494.4444580078125,486.1111145019531,362.8730773925781
24-02-1998,475.0,491.6666564941406,1328,491.6666564941406,487.5,363.9097900390625
25-02-1998,480.5555419921875,480.5555419921875,2367,494.4444580078125,490.27777099609375,365.9834289550781
26-02-1998,486.1111145019531,488.8888854980469,2070,500.0,500.0,373.24090576171875
27-02-1998,497.22222900390625,500.0,3078,502.77777099609375,502.77777099609375,375.3143005371094
02-03-1998,488.8888854980469,502.77777099609375,1220,502.77777099609375,495.8333435058594,370.1305236816406
03-03-1998,483.3333435058594,483.3333435058594,1242,494.4444580078125,491.6666564941406,367.0201416015625
04-03-1998,475.0,477.77777099609375,1373,488.8888854980469,483.3333435058594,360.79949951171875
05-03-1998,475.0,475.0,3240,488.8888854980469,479.1666564941406,357.6890869140625
06-03-1998,477.77777099609375,477.77777099609375,1526,497.22222900390625,490.27777099609375,365.9834289550781
09-03-1998,488.8888854980469,488.8888854980469,333,501.3888854980469,494.4444580078125,369.0937194824219
10-03-1998,491.6666564941406,502.77777099609375,1278,502.77777099609375,500.0,373.24090576171875
11-03-1998,491.6666564941406,491.6666564941406,347,502.77777099609375,502.77777099609375,375.3143005371094
12-03-1998,483.3333435058594,502.77777099609375,2408,502.77777099609375,502.77777099609375,375.3143005371094
13-03-1998,483.3333435058594,502.77777099609375,1287,502.77777099609375,491.6666564941406,367.0201416015625
16-03-1998,488.8888854980469,494.4444580078125,1206,502.77777099609375,500.6944580078125,373.75933837890625
17-03-1998,494.4444580078125,502.77777099609375,419,502.77777099609375,500.0,373.24090576171875
18-03-1998,491.6666564941406,500.0,2205,520.8333129882812,513.888916015625,383.60858154296875
19-03-1998,511.1111145019531,522.2222290039062,2169,525.0,513.888916015625,383.60858154296875
20-03-1998,505.5555419921875,522.2222290039062,1463,525.0,519.4444580078125,387.7557373046875
23-03-1998,502.77777099609375,525.0,1602,525.0,513.888916015625,383.60858154296875
24-03-1998,511.1111145019531,511.1111145019531,2664,544.4444580078125,541.6666870117188,404.3442687988281
25-03-1998,533.3333129882812,533.3333129882812,2138,555.5555419921875,533.3333129882812,398.12359619140625
26-03-1998,530.5555419921875,544.4444580078125,1409,544.4444580078125,541.6666870117188,404.3442687988281
27-03-1998,537.5,537.5,5369,584.7222290039062,575.0,429.2270202636719
30-03-1998,570.8333129882812,591.6666870117188,4091,597.2222290039062,586.111083984375,437.5212097167969
31-03-1998,583.3333129882812,588.888916015625,2529,600.0,588.888916015625,439.59490966796875
01-04-1998,591.6666870117188,597.2222290039062,6971,613.888916015625,600.0,447.88897705078125
02-04-1998,588.888916015625,605.5555419921875,2340,605.5555419921875,590.2777709960938,440.6315002441406
03-04-1998,580.5555419921875,588.888916015625,1823,591.6666870117188,583.3333129882812,435.4476318359375
06-04-1998,580.5555419921875,580.5555419921875,1814,597.2222290039062,590.2777709960938,440.6315002441406
07-04-1998,577.7777709960938,583.3333129882812,1076,590.2777709960938,577.7777709960938,431.3005676269531
08-04-1998,575.0,575.0,1836,590.2777709960938,586.111083984375,437.5212097167969
09-04-1998,580.5555419921875,590.2777709960938,2115,597.2222290039062,588.888916015625,439.59490966796875
13-04-1998,580.5555419921875,591.6666870117188,1188,594.4444580078125,594.4444580078125,443.7418518066406
14-04-1998,586.111083984375,586.111083984375,2417,594.4444580078125,590.2777709960938,440.6315002441406
15-04-1998,580.5555419921875,594.4444580078125,3852,616.6666870117188,613.888916015625,458.2568664550781
16-04-1998,594.4444580078125,613.888916015625,1661,613.888916015625,602.7777709960938,449.96258544921875
17-04-1998,597.2222290039062,598.611083984375,743,611.111083984375,609.7222290039062,455.14642333984375
20-04-1998,602.7777709960938,613.888916015625,4293,619.4444580078125,602.7777709960938,449.96258544921875
21-04-1998,588.888916015625,602.7777709960938,1404,611.111083984375,588.888916015625,439.59490966796875
22-04-1998,588.888916015625,588.888916015625,1971,608.3333129882812,600.0,447.88897705078125
23-04-1998,600.0,611.111083984375,891,613.888916015625,602.7777709960938,449.96258544921875
24-04-1998,597.2222290039062,597.2222290039062,1130,613.888916015625,612.5,457.2199401855469
27-04-1998,588.888916015625,600.0,3434,611.111083984375,588.888916015625,439.59490966796875
28-04-1998,594.4444580078125,602.7777709960938,977,608.3333129882812,597.2222290039062,445.8685302734375
29-04-1998,602.7777709960938,611.111083984375,2448,633.3333129882812,627.7777709960938,469.9042663574219
30-04-1998,619.4444580078125,636.111083984375,1994,641.6666870117188,623.611083984375,466.7855224609375
01-05-1998,619.4444580078125,622.2222290039062,482,630.5555419921875,619.4444580078125,463.66680908203125
04-05-1998,622.2222290039062,625.0,927,630.5555419921875,630.5555419921875,471.98370361328125
05-05-1998,616.6666870117188,619.4444580078125,734,625.0,616.6666870117188,461.5876770019531
06-05-1998,611.111083984375,625.0,1004,625.0,615.2777709960938,460.54803466796875
07-05-1998,597.2222290039062,608.3333129882812,972,609.7222290039062,601.388916015625,450.15185546875
08-05-1998,600.0,601.388916015625,576,604.1666870117188,600.0,449.1120910644531
11-05-1998,591.6666870117188,600.0,1355,605.5555419921875,591.6666870117188,442.87451171875
12-05-1998,586.111083984375,591.6666870117188,923,594.4444580078125,587.5,439.7556457519531
13-05-1998,588.888916015625,594.4444580078125,1220,600.0,591.6666870117188,442.87451171875
14-05-1998,583.3333129882812,597.2222290039062,419,597.2222290039062,588.888916015625,440.7953796386719
15-05-1998,580.5555419921875,588.888916015625,315,588.888916015625,580.5555419921875,434.557861328125
18-05-1998,566.6666870117188,580.5555419921875,1809,580.5555419921875,569.4444580078125,426.24090576171875
19-05-1998,558.3333129882812,572.2222290039062,3276,577.7777709960938,558.3333129882812,417.9237976074219
20-05-1998,558.3333129882812,566.6666870117188,770,566.6666870117188,559.7222290039062,418.9635009765625
21-05-1998,559.7222290039062,559.7222290039062,1994,576.388916015625,575.0,430.39910888671875
22-05-1998,566.6666870117188,577.7777709960938,621,577.7777709960938,566.6666870117188,424.1614990234375
26-05-1998,563.888916015625,566.6666870117188,261,572.2222290039062,563.888916015625,422.08233642578125
27-05-1998,530.5555419921875,555.5555419921875,2799,555.5555419921875,533.3333129882812,399.2108459472656
28-05-1998,533.3333129882812,541.6666870117188,4127,550.0,536.111083984375,401.29010009765625
29-05-1998,530.5555419921875,536.111083984375,815,544.4444580078125,530.5555419921875,397.1315612792969
01-06-1998,527.7777709960938,530.5555419921875,2070,538.888916015625,527.7777709960938,395.05242919921875
02-06-1998,513.888916015625,525.0,2331,525.0,522.2222290039062,390.8940734863281
03-06-1998,519.4444580078125,522.2222290039062,3110,533.3333129882812,530.5555419921875,397.1315612792969
04-06-1998,525.0,525.0,2385,541.6666870117188,541.6666870117188,405.4485778808594
05-06-1998,531.9444580078125,538.888916015625,491,547.2222290039062,531.9444580078125,398.17132568359375
08-06-1998,530.5555419921875,544.4444580078125,2228,555.5555419921875,552.7777709960938,413.765380859375
09-06-1998,536.111083984375,552.7777709960938,1211,552.7777709960938,536.111083984375,401.29010009765625
10-06-1998,525.0,533.3333129882812,1625,536.111083984375,529.1666870117188,396.0920104980469
11-06-1998,522.2222290039062,533.3333129882812,441,533.3333129882812,530.5555419921875,397.1315612792969
12-06-1998,529.1666870117188,533.3333129882812,887,536.111083984375,534.7222290039062,400.25054931640625
15-06-1998,525.0,525.0,2039,536.111083984375,530.5555419921875,397.1315612792969
16-06-1998,530.5555419921875,531.9444580078125,2147,552.7777709960938,550.0,411.6863098144531
17-06-1998,548.611083984375,550.0,2448,552.7777709960938,550.0,411.6863098144531
18-06-1998,538.888916015625,544.4444580078125,2961,552.7777709960938,544.4444580078125,407.52783203125
19-06-1998,538.888916015625,538.888916015625,504,552.7777709960938,552.7777709960938,413.765380859375
22-06-1998,538.888916015625,550.0,392,550.0,543.0555419921875,406.48809814453125
23-06-1998,541.6666870117188,552.7777709960938,455,552.7777709960938,543.75,407.00787353515625
24-06-1998,543.0555419921875,544.4444580078125,99,545.138916015625,543.0555419921875,406.48809814453125
25-06-1998,538.888916015625,541.6666870117188,621,547.2222290039062,538.888916015625,403.3693542480469
26-06-1998,538.888916015625,541.6666870117188,342,550.0,544.4444580078125,407.52783203125
29-06-1998,536.111083984375,544.4444580078125,450,552.7777709960938,547.2222290039062,409.6070251464844
30-06-1998,538.888916015625,545.8333129882812,2727,547.2222290039062,541.6666870117188,405.4485778808594
01-07-1998,533.3333129882812,544.4444580078125,1031,544.4444580078125,540.2777709960938,404.4087829589844
02-07-1998,533.3333129882812,550.0,212,550.0,533.3333129882812,399.2108459472656
06-07-1998,538.888916015625,547.2222290039062,2930,552.7777709960938,550.0,411.6863098144531
07-07-1998,541.6666870117188,551.388916015625,1103,552.7777709960938,541.6666870117188,405.4485778808594
08-07-1998,544.4444580078125,552.7777709960938,1512,552.7777709960938,544.4444580078125,407.52783203125
09-07-1998,544.4444580078125,547.2222290039062,1256,555.5555419921875,544.4444580078125,407.52783203125
10-07-1998,541.6666870117188,543.0555419921875,1661,554.1666870117188,550.0,411.6863098144531
13-07-1998,541.6666870117188,547.2222290039062,1823,555.5555419921875,544.4444580078125,407.52783203125
14-07-1998,544.4444580078125,544.4444580078125,833,561.111083984375,559.7222290039062,418.9635009765625
15-07-1998,552.7777709960938,552.7777709960938,662,559.7222290039062,555.5555419921875,415.8446044921875
16-07-1998,552.7777709960938,552.7777709960938,905,561.111083984375,559.7222290039062,418.9635009765625
17-07-1998,561.111083984375,561.111083984375,1733,598.611083984375,598.611083984375,448.07257080078125
20-07-1998,588.888916015625,602.7777709960938,1094,608.3333129882812,608.3333129882812,455.3498840332031
21-07-1998,608.3333129882812,608.3333129882812,680,625.0,625.0,467.82525634765625
22-07-1998,597.2222290039062,613.888916015625,5099,644.4444580078125,608.3333129882812,455.3498840332031
23-07-1998,566.6666870117188,613.888916015625,3371,613.888916015625,577.7777709960938,432.478515625
24-07-1998,580.5555419921875,594.4444580078125,1913,600.0,597.2222290039062,447.03302001953125
27-07-1998,572.2222290039062,588.888916015625,1350,588.888916015625,575.0,430.39910888671875
28-07-1998,558.3333129882812,575.0,2997,575.0,559.7222290039062,418.9635009765625
29-07-1998,552.7777709960938,558.3333129882812,144,561.111083984375,552.7777709960938,414.91851806640625
30-07-1998,552.7777709960938,558.3333129882812,626,558.3333129882812,558.3333129882812,419.0885314941406
31-07-1998,552.7777709960938,555.5555419921875,1508,558.3333129882812,552.7777709960938,414.91851806640625
03-08-1998,555.5555419921875,555.5555419921875,1089,586.111083984375,583.3333129882812,437.8536682128906
04-08-1998,551.388916015625,566.6666870117188,1701,579.1666870117188,566.6666870117188,425.3435974121094
05-08-1998,552.7777709960938,552.7777709960938,1323,569.4444580078125,569.4444580078125,427.4288024902344
06-08-1998,558.3333129882812,569.4444580078125,1274,583.3333129882812,579.1666870117188,434.726318359375
07-08-1998,577.7777709960938,577.7777709960938,1440,611.111083984375,605.5555419921875,454.5338439941406
10-08-1998,594.4444580078125,605.5555419921875,1193,608.3333129882812,605.5555419921875,454.5338439941406
11-08-1998,547.2222290039062,591.6666870117188,2790,591.6666870117188,580.5555419921875,435.7689208984375
12-08-1998,583.3333129882812,600.0,1148,600.0,591.6666870117188,444.1087646484375
13-08-1998,586.111083984375,591.6666870117188,180,600.0,600.0,450.36370849609375
14-08-1998,597.2222290039062,600.0,4154,622.2222290039062,605.5555419921875,454.5338439941406
17-08-1998,594.4444580078125,600.0,3182,616.6666870117188,608.3333129882812,456.618896484375
18-08-1998,605.5555419921875,616.6666870117188,1409,622.2222290039062,622.2222290039062,467.0439147949219
19-08-1998,605.5555419921875,605.5555419921875,855,615.2777709960938,611.8055419921875,459.22515869140625
20-08-1998,608.3333129882812,608.3333129882812,743,620.8333129882812,608.3333129882812,456.618896484375
21-08-1998,584.7222290039062,608.3333129882812,1071,613.888916015625,594.4444580078125,446.1938781738281
24-08-1998,597.2222290039062,597.2222290039062,716,616.6666870117188,616.6666870117188,462.8741149902344
25-08-1998,608.3333129882812,619.4444580078125,1611,633.3333129882812,613.888916015625,460.7889099121094
26-08-1998,605.5555419921875,605.5555419921875,1949,622.2222290039062,622.2222290039062,467.0439147949219
27-08-1998,569.4444580078125,605.5555419921875,1796,605.5555419921875,572.2222290039062,429.5136413574219
28-08-1998,555.5555419921875,588.888916015625,1161,588.888916015625,566.6666870117188,425.3435974121094
31-08-1998,491.6666564941406,558.3333129882812,3294,558.3333129882812,497.22222900390625,373.2181701660156
01-09-1998,488.8888854980469,513.888916015625,2048,522.2222290039062,494.4444580078125,371.1332702636719
02-09-1998,488.8888854980469,505.5555419921875,1584,513.888916015625,497.22222900390625,373.2181701660156
03-09-1998,466.6666564941406,494.4444580078125,2169,497.22222900390625,472.22222900390625,354.4530944824219
04-09-1998,462.5,480.5555419921875,1031,480.5555419921875,466.6666564941406,350.2829895019531
08-09-1998,472.22222900390625,472.22222900390625,2291,494.4444580078125,480.5555419921875,360.7080993652344
09-09-1998,475.0,477.77777099609375,977,494.4444580078125,475.0,356.53802490234375
10-09-1998,466.6666564941406,472.22222900390625,410,483.3333435058594,480.5555419921875,360.7080993652344
11-09-1998,465.27777099609375,473.6111145019531,1710,488.8888854980469,486.1111145019531,364.878173828125
14-09-1998,469.4444580078125,488.8888854980469,1467,488.8888854980469,484.72222900390625,363.8355712890625
15-09-1998,469.4444580078125,469.4444580078125,860,486.1111145019531,477.77777099609375,358.6231689453125
16-09-1998,469.4444580078125,475.0,1152,488.8888854980469,480.5555419921875,360.7080993652344
17-09-1998,461.1111145019531,466.6666564941406,1305,486.1111145019531,486.1111145019531,364.878173828125
18-09-1998,475.0,486.1111145019531,1967,494.4444580078125,479.1666564941406,359.66552734375
21-09-1998,483.3333435058594,486.1111145019531,2394,508.3333435058594,501.3888854980469,376.3458557128906
22-09-1998,498.6111145019531,509.72222900390625,2313,509.72222900390625,500.0,375.30328369140625
23-09-1998,490.27777099609375,511.1111145019531,1490,513.888916015625,508.3333435058594,381.5582580566406
24-09-1998,500.0,508.3333435058594,324,512.5,512.5,384.6857604980469
25-09-1998,490.27777099609375,508.3333435058594,392,508.3333435058594,491.6666564941406,369.0480651855469
28-09-1998,490.27777099609375,491.6666564941406,297,511.1111145019531,511.1111145019531,383.6434020996094
29-09-1998,497.22222900390625,497.22222900390625,315,513.888916015625,511.1111145019531,383.6434020996094
30-09-1998,505.5555419921875,505.5555419921875,482,513.888916015625,513.888916015625,385.72833251953125
01-10-1998,486.1111145019531,494.4444580078125,617,494.4444580078125,494.4444580078125,371.1332702636719
02-10-1998,483.3333435058594,484.72222900390625,941,500.0,490.27777099609375,368.0057067871094
05-10-1998,472.22222900390625,477.77777099609375,896,479.1666564941406,477.77777099609375,358.6231689453125
06-10-1998,480.5555419921875,480.5555419921875,995,491.6666564941406,487.5,365.92059326171875
07-10-1998,475.0,477.77777099609375,1746,486.1111145019531,480.5555419921875,360.7080993652344
08-10-1998,444.4444580078125,472.22222900390625,3879,472.22222900390625,450.0,337.7729187011719
09-10-1998,461.1111145019531,461.1111145019531,1958,511.1111145019531,490.27777099609375,368.0057067871094
12-10-1998,469.4444580078125,505.5555419921875,1368,508.3333435058594,472.22222900390625,354.4530944824219
13-10-1998,450.0,477.77777099609375,2997,477.77777099609375,461.1111145019531,346.113037109375
14-10-1998,447.22222900390625,458.3333435058594,729,468.0555419921875,461.1111145019531,346.113037109375
15-10-1998,444.4444580078125,444.4444580078125,698,508.3333435058594,500.0,375.30328369140625
16-10-1998,497.22222900390625,511.1111145019531,2034,522.2222290039062,516.6666870117188,387.8133850097656
19-10-1998,500.0,508.3333435058594,909,536.111083984375,533.3333129882812,400.32342529296875
20-10-1998,522.2222290039062,538.888916015625,1112,538.888916015625,522.2222290039062,391.9834289550781
21-10-1998,522.2222290039062,536.111083984375,7848,544.4444580078125,544.4444580078125,408.66357421875
22-10-1998,536.111083984375,544.4444580078125,1598,544.4444580078125,544.4444580078125,408.66357421875
23-10-1998,516.6666870117188,544.4444580078125,2012,544.4444580078125,525.0,394.068359375
26-10-1998,508.3333435058594,525.0,369,525.0,520.8333129882812,390.9408264160156
27-10-1998,509.72222900390625,522.2222290039062,1017,522.2222290039062,516.6666870117188,387.8133850097656
28-10-1998,511.1111145019531,516.6666870117188,779,530.5555419921875,530.5555419921875,399.61334228515625
29-10-1998,513.888916015625,522.2222290039062,315,522.2222290039062,522.2222290039062,393.3367614746094
30-10-1998,516.6666870117188,516.6666870117188,297,533.3333129882812,533.3333129882812,401.7056884765625
02-11-1998,527.7777709960938,536.111083984375,288,541.6666870117188,541.6666870117188,407.9823303222656
03-11-1998,543.0555419921875,544.4444580078125,1269,563.888916015625,563.888916015625,424.719970703125
04-11-1998,551.388916015625,551.388916015625,2394,572.2222290039062,566.6666870117188,426.8121643066406
05-11-1998,555.5555419921875,555.5555419921875,1278,586.111083984375,583.3333129882812,439.365478515625
06-11-1998,572.2222290039062,588.888916015625,1548,594.4444580078125,594.4444580078125,447.73443603515625
09-11-1998,586.111083984375,594.4444580078125,1427,597.2222290039062,593.75,447.21136474609375
10-11-1998,584.7222290039062,590.2777709960938,464,597.2222290039062,584.7222290039062,440.4115905761719
11-11-1998,555.5555419921875,597.2222290039062,986,597.2222290039062,561.111083984375,422.6279602050781
12-11-1998,533.3333129882812,544.4444580078125,1539,550.0,537.5,404.843994140625
13-11-1998,540.2777709960938,550.0,1449,555.5555419921875,555.5555419921875,418.44329833984375
16-11-1998,547.2222290039062,547.2222290039062,468,573.611083984375,569.4444580078125,428.9045715332031
17-11-1998,558.3333129882812,563.888916015625,1152,594.4444580078125,591.6666870117188,445.6422119140625
18-11-1998,586.111083984375,600.0,3353,600.0,594.4444580078125,447.73443603515625
19-11-1998,573.611083984375,588.888916015625,671,597.2222290039062,597.2222290039062,449.8266296386719
20-11-1998,581.9444580078125,588.888916015625,1881,605.5555419921875,601.388916015625,452.9649658203125
23-11-1998,600.0,600.0,3087,626.388916015625,619.4444580078125,466.56439208984375
24-11-1998,619.4444580078125,619.4444580078125,4014,677.7777709960938,662.5,498.9934997558594
25-11-1998,583.3333129882812,658.3333129882812,5409,663.888916015625,586.111083984375,441.45782470703125
27-11-1998,519.4444580078125,580.5555419921875,4199,580.5555419921875,541.6666870117188,407.9823303222656
30-11-1998,525.0,536.111083984375,2264,544.4444580078125,538.888916015625,405.89013671875
01-12-1998,536.111083984375,541.6666870117188,2340,552.7777709960938,547.2222290039062,412.1668395996094
02-12-1998,538.888916015625,544.4444580078125,1485,580.5555419921875,577.7777709960938,435.1811828613281
03-12-1998,563.888916015625,563.888916015625,1413,602.7777709960938,597.9166870117188,450.3497619628906
04-12-1998,597.2222290039062,600.0,6813,644.4444580078125,641.6666870117188,483.30206298828125
07-12-1998,623.611083984375,638.888916015625,3501,647.2222290039062,630.5555419921875,474.9332580566406
08-12-1998,630.5555419921875,630.5555419921875,3452,641.6666870117188,633.3333129882812,477.02545166015625
09-12-1998,630.5555419921875,630.5555419921875,2727,650.0,644.4444580078125,485.39422607421875
10-12-1998,636.111083984375,638.888916015625,2471,652.7777709960938,644.4444580078125,485.39422607421875
11-12-1998,611.111083984375,644.4444580078125,2016,650.0,611.111083984375,460.2877502441406
14-12-1998,597.2222290039062,616.6666870117188,414,616.6666870117188,597.2222290039062,449.8266296386719
15-12-1998,575.0,600.0,2084,600.0,576.388916015625,434.13482666015625
16-12-1998,543.0555419921875,577.7777709960938,4982,580.5555419921875,547.2222290039062,412.1668395996094
17-12-1998,544.4444580078125,544.4444580078125,3357,563.888916015625,559.7222290039062,421.5816955566406
18-12-1998,551.388916015625,562.5,1400,563.888916015625,555.5555419921875,418.44329833984375
21-12-1998,552.7777709960938,572.2222290039062,2115,572.2222290039062,563.888916015625,424.719970703125
22-12-1998,569.4444580078125,569.4444580078125,2174,591.6666870117188,588.888916015625,443.5500793457031
23-12-1998,586.111083984375,600.0,3155,608.3333129882812,586.111083984375,441.45782470703125
24-12-1998,586.111083984375,602.7777709960938,230,602.7777709960938,588.888916015625,443.5500793457031
28-12-1998,586.111083984375,602.7777709960938,216,604.1666870117188,597.2222290039062,449.8266296386719
29-12-1998,595.8333129882812,595.8333129882812,513,608.3333129882812,608.3333129882812,458.19549560546875
30-12-1998,577.7777709960938,608.3333129882812,2264,629.1666870117188,591.6666870117188,445.6422119140625
31-12-1998,580.5555419921875,604.1666870117188,558,605.5555419921875,580.5555419921875,437.2734375
04-01-1999,602.7777709960938,605.5555419921875,2408,641.6666870117188,631.9444580078125,475.97906494140625
05-01-1999,630.5555419921875,630.5555419921875,4824,645.8333129882812,644.4444580078125,485.39422607421875
06-01-1999,630.5555419921875,644.4444580078125,4559,647.2222290039062,630.5555419921875,474.9332580566406
07-01-1999,605.5555419921875,630.5555419921875,2169,633.3333129882812,611.111083984375,460.2877502441406
08-01-1999,611.111083984375,611.111083984375,2984,622.2222290039062,622.2222290039062,468.656494140625
11-01-1999,615.2777709960938,618.0555419921875,3879,644.4444580078125,644.4444580078125,485.39422607421875
12-01-1999,622.2222290039062,634.7222290039062,3051,650.0,633.3333129882812,477.02545166015625
13-01-1999,601.388916015625,601.388916015625,2466,633.3333129882812,627.7777709960938,472.84088134765625
14-01-1999,584.7222290039062,616.6666870117188,3470,622.2222290039062,584.7222290039062,440.4115905761719
15-01-1999,555.5555419921875,555.5555419921875,13104,583.3333129882812,562.5,423.6739807128906
19-01-1999,561.111083984375,569.4444580078125,5873,575.0,575.0,433.0888366699219
20-01-1999,568.0555419921875,576.388916015625,3605,576.388916015625,570.8333129882812,429.95062255859375
21-01-1999,566.6666870117188,573.611083984375,7578,583.3333129882812,566.6666870117188,426.8121643066406
22-01-1999,558.3333129882812,565.2777709960938,6053,576.388916015625,575.0,433.0888366699219
25-01-1999,572.2222290039062,576.388916015625,5747,588.888916015625,579.1666870117188,436.22735595703125
26-01-1999,583.3333129882812,583.3333129882812,2250,609.7222290039062,605.5555419921875,456.103271484375
27-01-1999,611.111083984375,622.2222290039062,2808,622.2222290039062,611.111083984375,461.6429748535156
28-01-1999,611.111083984375,611.111083984375,2781,633.3333129882812,630.5555419921875,476.33154296875
29-01-1999,633.3333129882812,643.0555419921875,8510,665.2777709960938,663.888916015625,501.5121154785156
01-02-1999,650.0,665.2777709960938,5027,669.4444580078125,658.3333129882812,497.3153381347656
02-02-1999,652.7777709960938,665.2777709960938,2156,665.2777709960938,658.3333129882812,497.3153381347656
03-02-1999,644.4444580078125,655.5555419921875,4658,661.111083984375,658.3333129882812,497.3153381347656
04-02-1999,640.2777709960938,658.3333129882812,4712,661.111083984375,640.2777709960938,483.67584228515625
05-02-1999,602.7777709960938,640.2777709960938,1985,640.2777709960938,602.7777709960938,455.3479309082031
08-02-1999,583.3333129882812,616.6666870117188,2084,616.6666870117188,595.8333129882812,450.1018371582031
09-02-1999,586.111083984375,593.0555419921875,3753,605.5555419921875,588.888916015625,444.85601806640625
10-02-1999,586.111083984375,588.888916015625,4433,597.2222290039062,591.6666870117188,446.95428466796875
11-02-1999,591.6666870117188,591.6666870117188,2223,604.1666870117188,604.1666870117188,456.39715576171875
12-02-1999,591.6666870117188,605.5555419921875,1719,605.5555419921875,605.5555419921875,457.44635009765625
16-02-1999,591.6666870117188,591.6666870117188,1499,620.8333129882812,601.388916015625,454.2987060546875
17-02-1999,597.2222290039062,597.2222290039062,549,605.5555419921875,597.2222290039062,451.15106201171875
18-02-1999,597.2222290039062,602.7777709960938,1764,611.111083984375,611.111083984375,461.6429748535156
19-02-1999,602.7777709960938,602.7777709960938,1926,638.888916015625,638.888916015625,482.626708984375
22-02-1999,611.111083984375,625.0,851,638.888916015625,611.111083984375,461.6429748535156
23-02-1999,608.3333129882812,611.111083984375,3555,627.7777709960938,620.138916015625,468.4628601074219
24-02-1999,616.6666870117188,616.6666870117188,1890,643.0555419921875,622.2222290039062,470.0365905761719
25-02-1999,620.8333129882812,627.7777709960938,1107,627.7777709960938,620.8333129882812,468.98736572265625
26-02-1999,616.6666870117188,619.4444580078125,15467,630.5555419921875,622.2222290039062,470.0365905761719
01-03-1999,619.4444580078125,622.2222290039062,1017,631.9444580078125,630.5555419921875,476.33154296875
02-03-1999,613.888916015625,622.2222290039062,1607,625.0,616.6666870117188,465.8398132324219
03-03-1999,613.888916015625,627.7777709960938,927,630.5555419921875,626.388916015625,473.1840515136719
04-03-1999,608.3333129882812,633.3333129882812,2124,633.3333129882812,627.7777709960938,474.233154296875
05-03-1999,625.0,630.5555419921875,4122,633.3333129882812,633.3333129882812,478.4300537109375
08-03-1999,622.2222290039062,630.5555419921875,2057,633.3333129882812,629.1666870117188,475.2823486328125
09-03-1999,626.388916015625,630.5555419921875,963,633.3333129882812,633.3333129882812,478.4300537109375
10-03-1999,627.7777709960938,638.888916015625,1080,641.6666870117188,633.3333129882812,478.4300537109375
11-03-1999,625.0,633.3333129882812,3902,633.3333129882812,625.0,472.13482666015625
12-03-1999,618.0555419921875,625.0,837,627.7777709960938,619.4444580078125,467.93829345703125
15-03-1999,613.888916015625,623.611083984375,1089,623.611083984375,613.888916015625,463.7415466308594
16-03-1999,597.2222290039062,611.111083984375,2916,611.111083984375,597.2222290039062,451.15106201171875
17-03-1999,572.2222290039062,597.2222290039062,1832,597.2222290039062,579.1666870117188,437.51177978515625
18-03-1999,569.4444580078125,580.5555419921875,4100,581.9444580078125,569.4444580078125,430.16748046875
19-03-1999,561.111083984375,569.4444580078125,1490,573.611083984375,563.888916015625,425.9705505371094
22-03-1999,562.5,566.6666870117188,378,573.611083984375,573.611083984375,433.3148498535156
23-03-1999,561.111083984375,569.4444580078125,2255,575.0,568.0555419921875,429.11822509765625
24-03-1999,558.3333129882812,566.6666870117188,887,587.5,584.0277709960938,441.183837890625
25-03-1999,583.3333129882812,583.3333129882812,756,602.7777709960938,597.2222290039062,451.15106201171875
26-03-1999,577.7777709960938,586.111083984375,2039,605.5555419921875,597.2222290039062,451.15106201171875
29-03-1999,597.2222290039062,600.0,1112,605.5555419921875,602.7777709960938,455.3479309082031
30-03-1999,600.0,602.7777709960938,3717,608.3333129882812,600.0,453.2494201660156
31-03-1999,588.888916015625,602.7777709960938,3789,602.7777709960938,588.888916015625,444.85601806640625
01-04-1999,566.6666870117188,594.4444580078125,864,600.0,577.7777709960938,436.4624328613281
05-04-1999,538.888916015625,566.6666870117188,2885,575.0,551.388916015625,416.5278015136719
06-04-1999,533.3333129882812,544.4444580078125,1881,554.1666870117188,536.111083984375,404.98681640625
07-04-1999,511.1111145019531,533.3333129882812,3992,555.5555419921875,541.6666870117188,409.1834716796875
08-04-1999,515.2777709960938,555.5555419921875,3785,555.5555419921875,522.2222290039062,394.4949951171875
09-04-1999,466.6666564941406,523.611083984375,7871,536.111083984375,511.1111145019531,386.1014404296875
12-04-1999,497.22222900390625,508.3333435058594,4716,561.111083984375,561.111083984375,423.87225341796875
13-04-1999,561.111083984375,561.111083984375,4784,608.3333129882812,601.388916015625,454.2987060546875
14-04-1999,605.5555419921875,605.5555419921875,9284,630.5555419921875,616.6666870117188,465.8398132324219
15-04-1999,579.1666870117188,627.7777709960938,1449,627.7777709960938,581.9444580078125,439.6098937988281
16-04-1999,583.3333129882812,588.888916015625,4995,597.2222290039062,588.888916015625,444.85601806640625
19-04-1999,575.0,597.2222290039062,2997,597.2222290039062,577.7777709960938,436.4624328613281
20-04-1999,569.4444580078125,575.0,3906,584.7222290039062,569.4444580078125,430.16748046875
21-04-1999,552.7777709960938,577.7777709960938,3177,579.1666870117188,561.111083984375,423.87225341796875
22-04-1999,559.7222290039062,572.2222290039062,2264,577.7777709960938,577.7777709960938,436.4624328613281
23-04-1999,572.2222290039062,572.2222290039062,14945,600.0,594.4444580078125,449.052734375
26-04-1999,583.3333129882812,588.888916015625,1116,615.2777709960938,588.888916015625,444.85601806640625
27-04-1999,572.2222290039062,583.3333129882812,1193,591.6666870117188,572.2222290039062,432.26568603515625
28-04-1999,569.4444580078125,569.4444580078125,2408,583.3333129882812,577.7777709960938,437.8226623535156
29-04-1999,572.2222290039062,577.7777709960938,1665,580.5555419921875,577.7777709960938,437.8226623535156
30-04-1999,563.888916015625,577.7777709960938,2201,577.7777709960938,566.6666870117188,429.4031066894531
03-05-1999,563.888916015625,566.6666870117188,414,572.2222290039062,568.0555419921875,430.45550537109375
04-05-1999,563.888916015625,563.888916015625,527,569.4444580078125,569.4444580078125,431.5080871582031
05-05-1999,556.9444580078125,566.6666870117188,126,566.6666870117188,556.9444580078125,422.0357971191406
06-05-1999,545.8333129882812,565.2777709960938,572,565.2777709960938,555.5555419921875,420.98333740234375
07-05-1999,550.0,559.7222290039062,981,561.111083984375,561.111083984375,425.1932067871094
10-05-1999,544.4444580078125,550.0,1067,569.4444580078125,544.4444580078125,412.563720703125
11-05-1999,555.5555419921875,555.5555419921875,1296,576.388916015625,575.0,435.7177734375
12-05-1999,552.7777709960938,575.0,1071,575.0,554.1666870117188,419.9307861328125
13-05-1999,555.5555419921875,566.6666870117188,1985,583.3333129882812,566.6666870117188,429.4031066894531
14-05-1999,555.5555419921875,563.888916015625,495,569.4444580078125,558.3333129882812,423.0882263183594
17-05-1999,551.388916015625,561.111083984375,1053,561.111083984375,561.111083984375,425.1932067871094
18-05-1999,569.4444580078125,569.4444580078125,2070,597.2222290039062,575.0,435.7177734375
19-05-1999,554.1666870117188,580.5555419921875,2300,580.5555419921875,558.3333129882812,423.0882263183594
20-05-1999,550.0,558.3333129882812,1139,561.111083984375,551.388916015625,417.825927734375
21-05-1999,552.7777709960938,558.3333129882812,482,558.3333129882812,552.7777709960938,418.87841796875
24-05-1999,537.5,558.3333129882812,1346,558.3333129882812,538.888916015625,408.3538818359375
25-05-1999,516.6666870117188,547.2222290039062,1161,547.2222290039062,518.0555419921875,392.56689453125
26-05-1999,508.3333435058594,522.2222290039062,1103,522.2222290039062,511.1111145019531,387.3047790527344
27-05-1999,505.5555419921875,505.5555419921875,437,519.4444580078125,518.75,393.09326171875
28-05-1999,519.4444580078125,520.8333129882812,3191,526.388916015625,522.2222290039062,395.7243347167969
01-06-1999,513.888916015625,525.0,1233,525.0,516.6666870117188,391.5145568847656
02-06-1999,508.3333435058594,516.6666870117188,1521,519.4444580078125,516.6666870117188,391.5145568847656
03-06-1999,486.1111145019531,512.5,4073,513.888916015625,488.8888854980469,370.4653625488281
04-06-1999,488.8888854980469,488.8888854980469,2048,502.77777099609375,497.22222900390625,376.7801513671875
07-06-1999,494.4444580078125,497.22222900390625,2048,501.3888854980469,497.22222900390625,376.7801513671875
08-06-1999,495.8333435058594,497.22222900390625,1139,505.5555419921875,500.0,378.8851013183594
09-06-1999,494.4444580078125,505.5555419921875,1242,506.9444580078125,500.0,378.8851013183594
10-06-1999,494.4444580078125,500.0,140,500.0,497.22222900390625,376.7801513671875
11-06-1999,497.22222900390625,497.22222900390625,2777,523.611083984375,508.3333435058594,385.1997985839844
14-06-1999,488.8888854980469,508.3333435058594,833,511.1111145019531,497.22222900390625,376.7801513671875
15-06-1999,483.3333435058594,493.0555419921875,1170,502.77777099609375,486.1111145019531,368.3603515625
16-06-1999,490.27777099609375,493.0555419921875,1728,522.2222290039062,500.0,378.8851013183594
17-06-1999,502.77777099609375,516.6666870117188,122,516.6666870117188,503.47222900390625,381.51611328125
18-06-1999,502.77777099609375,515.9722290039062,860,519.4444580078125,505.5555419921875,383.09478759765625
21-06-1999,505.5555419921875,508.3333435058594,1017,534.7222290039062,533.3333129882812,404.14398193359375
22-06-1999,525.0,533.3333129882812,414,538.888916015625,527.7777709960938,399.9342041015625
23-06-1999,508.3333435058594,527.7777709960938,572,527.7777709960938,508.3333435058594,385.1997985839844
24-06-1999,508.3333435058594,516.6666870117188,423,516.6666870117188,509.72222900390625,386.2522277832031
25-06-1999,500.0,511.1111145019531,788,515.2777709960938,500.0,378.8851013183594
28-06-1999,500.6944580078125,501.3888854980469,2484,527.7777709960938,527.7777709960938,399.9342041015625
29-06-1999,511.1111145019531,511.1111145019531,3429,547.2222290039062,525.0,397.8291931152344
30-06-1999,522.2222290039062,522.2222290039062,5085,569.4444580078125,561.111083984375,425.1932067871094
01-07-1999,552.7777709960938,558.3333129882812,2597,566.6666870117188,558.3333129882812,423.0882263183594
02-07-1999,558.3333129882812,563.888916015625,783,573.611083984375,559.7222290039062,424.14068603515625
06-07-1999,558.3333129882812,558.3333129882812,2165,577.7777709960938,561.111083984375,425.1932067871094
07-07-1999,556.9444580078125,561.111083984375,1877,566.6666870117188,562.5,426.2456970214844
08-07-1999,544.4444580078125,565.2777709960938,2525,565.2777709960938,544.4444580078125,412.563720703125
09-07-1999,541.6666870117188,541.6666870117188,1409,559.7222290039062,551.388916015625,417.825927734375
12-07-1999,548.611083984375,555.5555419921875,522,561.111083984375,550.0,416.77362060546875
13-07-1999,527.7777709960938,548.611083984375,1625,552.7777709960938,527.7777709960938,399.9342041015625
14-07-1999,525.0,538.888916015625,887,541.6666870117188,541.6666870117188,410.4587707519531
15-07-1999,527.7777709960938,544.4444580078125,270,544.4444580078125,538.888916015625,408.3538818359375
16-07-1999,530.5555419921875,530.5555419921875,558,536.111083984375,533.3333129882812,404.14398193359375
19-07-1999,531.9444580078125,538.888916015625,563,538.888916015625,536.111083984375,406.2489318847656
20-07-1999,508.3333435058594,527.7777709960938,1445,536.111083984375,509.02777099609375,385.72601318359375
21-07-1999,515.2777709960938,515.2777709960938,666,525.0,522.2222290039062,395.7243347167969
22-07-1999,518.0555419921875,530.5555419921875,1431,531.9444580078125,531.9444580078125,403.091552734375
23-07-1999,522.2222290039062,533.3333129882812,126,533.3333129882812,528.4722290039062,400.4603271484375
26-07-1999,522.2222290039062,533.3333129882812,648,533.3333129882812,525.0,397.8291931152344
27-07-1999,513.888916015625,525.0,725,533.3333129882812,523.611083984375,396.77679443359375
28-07-1999,513.888916015625,516.6666870117188,522,525.0,516.6666870117188,393.1832275390625
29-07-1999,512.5,512.5,644,526.388916015625,526.388916015625,400.581787109375
30-07-1999,516.6666870117188,527.7777709960938,1580,531.9444580078125,519.4444580078125,395.2970886230469
02-08-1999,522.2222290039062,522.2222290039062,716,537.5,525.0,399.5248107910156
03-08-1999,511.1111145019531,526.388916015625,599,533.3333129882812,533.3333129882812,405.86651611328125
04-08-1999,519.4444580078125,519.4444580078125,558,530.5555419921875,520.8333129882812,396.35400390625
05-08-1999,491.6666564941406,518.0555419921875,1607,518.0555419921875,494.4444580078125,376.2720642089844
06-08-1999,483.3333435058594,491.6666564941406,1238,500.0,490.27777099609375,373.1011962890625
09-08-1999,486.1111145019531,486.1111145019531,653,495.8333435058594,486.1111145019531,369.93035888671875
10-08-1999,470.8333435058594,486.1111145019531,1296,486.1111145019531,477.77777099609375,363.5887451171875
11-08-1999,472.22222900390625,477.77777099609375,684,480.5555419921875,479.1666564941406,364.6456604003906
12-08-1999,475.0,477.77777099609375,1197,479.1666564941406,479.1666564941406,364.6456604003906
13-08-1999,486.1111145019531,494.4444580078125,1197,497.22222900390625,486.1111145019531,369.93035888671875
16-08-1999,472.22222900390625,488.8888854980469,1670,488.8888854980469,477.77777099609375,363.5887451171875
17-08-1999,483.3333435058594,487.5,1229,500.0,494.4444580078125,376.2720642089844
18-08-1999,491.6666564941406,491.6666564941406,1044,516.6666870117188,491.6666564941406,374.15814208984375
19-08-1999,491.6666564941406,491.6666564941406,243,502.77777099609375,499.3055419921875,379.9714050292969
20-08-1999,497.22222900390625,502.77777099609375,149,506.9444580078125,506.9444580078125,385.7845458984375
23-08-1999,495.8333435058594,508.3333435058594,113,508.3333435058594,504.1666564941406,383.6707763671875
24-08-1999,495.8333435058594,497.22222900390625,324,511.1111145019531,495.8333435058594,377.3291015625
25-08-1999,495.8333435058594,495.8333435058594,342,519.4444580078125,500.0,380.4999694824219
26-08-1999,497.22222900390625,501.3888854980469,212,511.1111145019531,497.22222900390625,378.385986328125
27-08-1999,497.22222900390625,503.47222900390625,126,506.9444580078125,497.22222900390625,378.385986328125
30-08-1999,469.4444580078125,498.6111145019531,783,500.0,469.4444580078125,357.2471618652344
31-08-1999,425.0,469.4444580078125,2043,477.77777099609375,438.8888854980469,333.9943542480469
01-09-1999,440.27777099609375,441.6666564941406,1958,458.3333435058594,444.4444580078125,338.22210693359375
02-09-1999,419.4444580078125,436.1111145019531,1818,438.8888854980469,422.22222900390625,321.3108215332031
03-09-1999,411.1111145019531,431.9444580078125,2813,431.9444580078125,422.22222900390625,321.3108215332031
07-09-1999,418.0555419921875,419.4444580078125,1580,437.5,419.4444580078125,319.1971740722656
08-09-1999,405.5555419921875,416.6666564941406,2093,416.6666564941406,408.3333435058594,310.74151611328125
09-09-1999,400.0,411.1111145019531,2426,411.1111145019531,405.5555419921875,308.6276550292969
10-09-1999,397.22222900390625,405.5555419921875,6404,411.1111145019531,397.22222900390625,302.2860412597656
13-09-1999,366.6666564941406,400.0,2336,405.5555419921875,370.8333435058594,282.20404052734375
14-09-1999,375.0,375.0,752,395.8333435058594,391.6666564941406,298.05816650390625
15-09-1999,383.3333435058594,391.6666564941406,2178,400.0,386.1111145019531,293.83050537109375
16-09-1999,377.77777099609375,391.6666564941406,1085,391.6666564941406,377.77777099609375,287.48883056640625
17-09-1999,359.72222900390625,376.3888854980469,2237,377.77777099609375,369.4444580078125,281.1470947265625
20-09-1999,359.72222900390625,359.72222900390625,1625,383.3333435058594,379.1666564941406,288.5458068847656
21-09-1999,369.4444580078125,377.0833435058594,1962,379.1666564941406,375.0,285.37493896484375
22-09-1999,355.5555419921875,373.6111145019531,4356,394.4444580078125,362.5,275.8624267578125
23-09-1999,330.5555419921875,363.8888854980469,2700,363.8888854980469,351.3888854980469,267.4068908691406
24-09-1999,327.77777099609375,351.3888854980469,2363,351.3888854980469,330.5555419921875,251.55274963378906
27-09-1999,316.6666564941406,331.9444580078125,21155,331.9444580078125,319.4444580078125,243.0970916748047
28-09-1999,280.5555419921875,322.22222900390625,11124,323.6111145019531,288.8888854980469,219.8443603515625
29-09-1999,305.5555419921875,306.9444580078125,10706,333.3333435058594,331.9444580078125,252.609619140625
30-09-1999,329.1666564941406,336.1111145019531,13986,347.22222900390625,341.6666564941406,260.0082702636719
01-10-1999,327.77777099609375,334.72222900390625,4451,338.8888854980469,338.8888854980469,257.894287109375
04-10-1999,336.1111145019531,336.1111145019531,6615,352.77777099609375,352.77777099609375,268.4637756347656
05-10-1999,350.0,355.5555419921875,5616,356.9444580078125,352.77777099609375,268.4637756347656
06-10-1999,343.0555419921875,344.4444580078125,2025,354.1666564941406,350.0,266.3498840332031
07-10-1999,345.8333435058594,350.0,626,350.0,350.0,266.3498840332031
08-10-1999,333.3333435058594,345.1388854980469,3942,348.6111145019531,334.72222900390625,254.7235565185547
11-10-1999,333.3333435058594,336.1111145019531,1337,350.0,348.6111145019531,265.29302978515625
12-10-1999,338.8888854980469,347.22222900390625,797,355.5555419921875,338.8888854980469,257.894287109375
13-10-1999,333.3333435058594,336.1111145019531,1562,341.6666564941406,334.375,254.45925903320312
14-10-1999,333.3333435058594,336.1111145019531,410,341.6666564941406,340.27777099609375,258.9512634277344
15-10-1999,330.5555419921875,333.3333435058594,8465,338.8888854980469,334.72222900390625,254.7235565185547
18-10-1999,333.3333435058594,333.3333435058594,585,338.8888854980469,333.3333435058594,253.6665802001953
19-10-1999,333.3333435058594,340.27777099609375,1476,350.0,344.4444580078125,262.12225341796875
20-10-1999,340.27777099609375,361.1111145019531,2736,361.1111145019531,341.6666564941406,260.0082702636719
21-10-1999,333.3333435058594,340.27777099609375,1913,341.6666564941406,337.5,256.8374328613281
22-10-1999,333.3333435058594,337.5,783,338.8888854980469,338.8888854980469,257.894287109375
25-10-1999,333.3333435058594,336.1111145019531,4928,336.1111145019531,333.3333435058594,253.6665802001953
26-10-1999,331.9444580078125,334.72222900390625,16835,340.27777099609375,334.72222900390625,254.7235565185547
27-10-1999,333.3333435058594,334.72222900390625,4622,338.8888854980469,333.3333435058594,255.1913604736328
28-10-1999,333.3333435058594,340.27777099609375,3366,340.27777099609375,333.3333435058594,255.1913604736328
29-10-1999,334.72222900390625,334.72222900390625,900,344.4444580078125,343.0555419921875,262.6344299316406
01-11-1999,337.5,338.1944580078125,995,358.3333435058594,351.3888854980469,269.0142517089844
02-11-1999,344.4444580078125,344.4444580078125,7056,352.77777099609375,351.3888854980469,269.0142517089844
03-11-1999,341.6666564941406,352.77777099609375,4208,355.5555419921875,350.0,267.95086669921875
04-11-1999,344.4444580078125,344.4444580078125,725,351.3888854980469,347.22222900390625,265.82440185546875
05-11-1999,351.3888854980469,351.3888854980469,716,362.5,362.5,277.5207214355469
08-11-1999,333.3333435058594,360.4166564941406,1575,366.6666564941406,347.22222900390625,265.82440185546875
09-11-1999,336.1111145019531,336.1111145019531,954,347.22222900390625,345.8333435058594,264.76104736328125
10-11-1999,336.8055419921875,337.5,1526,358.3333435058594,356.9444580078125,273.2674865722656
11-11-1999,352.77777099609375,358.3333435058594,2241,366.6666564941406,363.8888854980469,278.5839538574219
12-11-1999,361.1111145019531,362.5,1701,369.4444580078125,363.8888854980469,278.5839538574219
15-11-1999,361.1111145019531,361.1111145019531,1391,368.0555419921875,362.5,277.5207214355469
16-11-1999,361.1111145019531,361.1111145019531,864,372.22222900390625,361.1111145019531,276.45733642578125
17-11-1999,359.72222900390625,361.1111145019531,2106,377.77777099609375,366.6666564941406,280.71063232421875
18-11-1999,366.6666564941406,366.6666564941406,1112,373.6111145019531,369.4444580078125,282.83709716796875
19-11-1999,369.4444580078125,375.0,590,377.77777099609375,370.8333435058594,283.90032958984375
22-11-1999,361.1111145019531,373.6111145019531,1881,377.77777099609375,365.27777099609375,279.6471862792969
23-11-1999,351.3888854980469,362.5,446,362.5,351.3888854980469,269.0142517089844
24-11-1999,344.4444580078125,351.3888854980469,2858,355.5555419921875,347.22222900390625,265.82440185546875
26-11-1999,344.4444580078125,354.1666564941406,1049,354.1666564941406,347.22222900390625,265.82440185546875
29-11-1999,347.22222900390625,347.22222900390625,671,352.77777099609375,352.77777099609375,270.0775451660156
30-11-1999,352.77777099609375,354.1666564941406,1517,363.8888854980469,354.1666564941406,271.14080810546875
01-12-1999,347.22222900390625,352.0833435058594,2228,352.77777099609375,347.22222900390625,265.82440185546875
02-12-1999,336.1111145019531,350.0,1692,351.3888854980469,337.5,258.3812561035156
03-12-1999,335.4166564941406,338.8888854980469,1260,341.6666564941406,336.1111145019531,257.3179626464844
06-12-1999,333.3333435058594,333.3333435058594,2637,337.5,333.3333435058594,255.1913604736328
07-12-1999,327.77777099609375,333.3333435058594,3672,334.72222900390625,334.72222900390625,256.25469970703125
08-12-1999,333.3333435058594,333.3333435058594,4923,336.1111145019531,333.3333435058594,255.1913604736328
09-12-1999,333.3333435058594,333.3333435058594,1620,337.5,336.1111145019531,257.3179626464844
10-12-1999,333.3333435058594,338.8888854980469,1710,344.4444580078125,334.72222900390625,256.25469970703125
13-12-1999,330.5555419921875,334.72222900390625,4514,336.8055419921875,331.9444580078125,254.12806701660156
14-12-1999,327.77777099609375,331.9444580078125,3375,333.3333435058594,327.77777099609375,250.93817138671875
15-12-1999,327.77777099609375,327.77777099609375,5144,351.3888854980469,351.3888854980469,269.0142517089844
16-12-1999,334.72222900390625,347.22222900390625,2111,350.0,345.8333435058594,264.76104736328125
17-12-1999,333.3333435058594,345.8333435058594,1998,347.22222900390625,334.72222900390625,256.25469970703125
20-12-1999,333.3333435058594,333.3333435058594,1337,344.4444580078125,338.1944580078125,258.9129333496094
21-12-1999,333.3333435058594,336.1111145019531,959,341.6666564941406,338.8888854980469,259.44451904296875
22-12-1999,333.3333435058594,337.5,3276,355.5555419921875,338.8888854980469,259.44451904296875
23-12-1999,333.3333435058594,333.3333435058594,3114,343.0555419921875,343.0555419921875,262.6344299316406
27-12-1999,341.6666564941406,341.6666564941406,599,350.0,343.0555419921875,262.6344299316406
28-12-1999,331.9444580078125,343.0555419921875,4509,347.22222900390625,331.9444580078125,254.12806701660156
29-12-1999,331.9444580078125,331.9444580078125,1287,344.4444580078125,333.3333435058594,255.1913604736328
30-12-1999,331.9444580078125,335.4166564941406,1440,338.8888854980469,331.9444580078125,254.12806701660156
31-12-1999,331.9444580078125,331.9444580078125,3096,383.3333435058594,383.3333435058594,293.4701232910156
03-01-2000,338.8888854980469,377.77777099609375,527,383.3333435058594,340.27777099609375,260.5079040527344
04-01-2000,334.72222900390625,343.0555419921875,180,343.0555419921875,334.72222900390625,256.25469970703125
05-01-2000,333.3333435058594,340.27777099609375,617,341.6666564941406,334.72222900390625,256.25469970703125
06-01-2000,333.3333435058594,336.1111145019531,860,344.4444580078125,344.4444580078125,263.69781494140625
07-01-2000,334.72222900390625,344.4444580078125,410,358.3333435058594,341.6666564941406,261.5711364746094
10-01-2000,338.8888854980469,341.6666564941406,158,341.6666564941406,338.8888854980469,259.44451904296875
11-01-2000,336.1111145019531,336.1111145019531,482,347.22222900390625,344.4444580078125,263.69781494140625
12-01-2000,343.0555419921875,347.22222900390625,117,347.22222900390625,344.4444580078125,263.69781494140625
13-01-2000,341.6666564941406,341.6666564941406,963,361.1111145019531,350.0,267.95086669921875
14-01-2000,347.22222900390625,355.5555419921875,1094,359.72222900390625,350.0,267.95086669921875
18-01-2000,347.9166564941406,347.9166564941406,419,355.5555419921875,352.77777099609375,270.0775451660156
19-01-2000,344.4444580078125,350.0,216,355.5555419921875,345.8333435058594,264.76104736328125
20-01-2000,327.77777099609375,351.3888854980469,5567,354.1666564941406,327.77777099609375,250.93817138671875
21-01-2000,330.5555419921875,331.25,13145,333.3333435058594,333.3333435058594,255.1913604736328
24-01-2000,327.77777099609375,331.9444580078125,1485,333.3333435058594,329.1666564941406,252.00152587890625
25-01-2000,311.1111145019531,329.1666564941406,3461,329.1666564941406,313.8888854980469,240.30523681640625
26-01-2000,286.1111145019531,315.27777099609375,6584,315.27777099609375,302.77777099609375,231.7988739013672
27-01-2000,298.6111145019531,305.5555419921875,1836,311.1111145019531,305.5555419921875,235.65501403808594
28-01-2000,298.6111145019531,311.1111145019531,1467,312.5,302.77777099609375,233.51266479492188
31-01-2000,302.77777099609375,312.5,1593,313.8888854980469,312.5,241.01080322265625
01-02-2000,309.72222900390625,311.1111145019531,1490,312.5,309.72222900390625,238.86851501464844
02-02-2000,308.3333435058594,310.4166564941406,1233,313.8888854980469,311.1111145019531,239.9396514892578
03-02-2000,304.1666564941406,312.5,2034,313.8888854980469,312.5,241.01080322265625
04-02-2000,309.72222900390625,312.5,1215,318.0555419921875,316.6666564941406,244.22430419921875
07-02-2000,305.5555419921875,317.3611145019531,1782,317.3611145019531,311.1111145019531,239.9396514892578
08-02-2000,305.5555419921875,313.8888854980469,545,313.8888854980469,312.5,241.01080322265625
09-02-2000,306.9444580078125,308.3333435058594,3843,312.5,308.3333435058594,237.79736328125
10-02-2000,302.77777099609375,308.3333435058594,639,311.1111145019531,305.5555419921875,235.65501403808594
11-02-2000,295.8333435058594,305.5555419921875,1040,308.3333435058594,295.8333435058594,228.15687561035156
14-02-2000,286.1111145019531,294.4444580078125,1305,295.8333435058594,286.1111145019531,220.65879821777344
15-02-2000,286.1111145019531,291.6666564941406,2529,308.3333435058594,300.0,231.370361328125
16-02-2000,286.1111145019531,297.22222900390625,2223,305.5555419921875,294.4444580078125,227.0857391357422
17-02-2000,287.5,287.5,509,294.4444580078125,294.4444580078125,227.0857391357422
18-02-2000,280.5555419921875,291.6666564941406,1791,294.4444580078125,294.4444580078125,227.0857391357422
22-02-2000,277.77777099609375,288.8888854980469,1260,293.0555419921875,283.3333435058594,218.51646423339844
23-02-2000,277.77777099609375,283.3333435058594,999,294.4444580078125,291.6666564941406,224.94332885742188
24-02-2000,283.3333435058594,290.27777099609375,851,294.4444580078125,288.8888854980469,222.801025390625
25-02-2000,283.3333435058594,283.3333435058594,563,293.0555419921875,283.3333435058594,218.51646423339844
28-02-2000,277.77777099609375,285.4166564941406,725,288.8888854980469,288.8888854980469,222.801025390625
29-02-2000,279.1666564941406,279.1666564941406,635,294.4444580078125,286.1111145019531,220.65879821777344
01-03-2000,277.77777099609375,288.8888854980469,2660,288.8888854980469,283.3333435058594,218.51646423339844
02-03-2000,277.77777099609375,277.77777099609375,203,286.1111145019531,283.3333435058594,218.51646423339844
03-03-2000,279.1666564941406,279.1666564941406,473,288.8888854980469,280.5555419921875,216.37417602539062
06-03-2000,272.22222900390625,287.5,3762,290.27777099609375,283.3333435058594,218.51646423339844
07-03-2000,272.22222900390625,272.22222900390625,5522,283.3333435058594,277.77777099609375,214.23175048828125
08-03-2000,275.0,277.77777099609375,968,286.1111145019531,280.5555419921875,216.37417602539062
09-03-2000,280.5555419921875,283.3333435058594,1251,286.1111145019531,285.4166564941406,220.12315368652344
10-03-2000,269.4444580078125,284.72222900390625,1845,288.8888854980469,286.1111145019531,220.65879821777344
13-03-2000,272.22222900390625,277.77777099609375,824,288.8888854980469,288.8888854980469,222.801025390625
14-03-2000,277.77777099609375,283.3333435058594,2835,283.3333435058594,279.1666564941406,215.30294799804688
15-03-2000,277.77777099609375,277.77777099609375,792,287.5,286.1111145019531,220.65879821777344
16-03-2000,280.5555419921875,286.1111145019531,1134,305.5555419921875,290.27777099609375,223.8722686767578
17-03-2000,286.1111145019531,290.27777099609375,2313,293.0555419921875,286.1111145019531,220.65879821777344
20-03-2000,283.3333435058594,291.6666564941406,414,291.6666564941406,288.8888854980469,222.801025390625
21-03-2000,286.1111145019531,291.6666564941406,531,291.6666564941406,290.27777099609375,223.8722686767578
22-03-2000,288.8888854980469,288.8888854980469,909,293.0555419921875,288.8888854980469,222.801025390625
23-03-2000,288.8888854980469,288.8888854980469,3177,294.4444580078125,288.8888854980469,222.801025390625
24-03-2000,288.8888854980469,288.8888854980469,1184,291.6666564941406,288.8888854980469,222.801025390625
27-03-2000,288.8888854980469,290.27777099609375,662,290.27777099609375,288.8888854980469,222.801025390625
28-03-2000,283.3333435058594,288.8888854980469,4059,300.0,288.8888854980469,222.801025390625
29-03-2000,286.1111145019531,291.6666564941406,8321,291.6666564941406,288.8888854980469,222.801025390625
30-03-2000,287.5,288.8888854980469,13307,290.27777099609375,288.8888854980469,222.801025390625
31-03-2000,283.3333435058594,287.5,1026,291.6666564941406,288.8888854980469,222.801025390625
03-04-2000,286.1111145019531,288.8888854980469,3326,291.6666564941406,288.8888854980469,222.801025390625
04-04-2000,286.1111145019531,290.27777099609375,1584,290.27777099609375,290.27777099609375,223.8722686767578
05-04-2000,287.5,287.5,2039,291.6666564941406,290.27777099609375,223.8722686767578
06-04-2000,287.5,287.5,1193,290.27777099609375,287.5,221.72996520996094
07-04-2000,287.5,290.27777099609375,1382,290.27777099609375,288.8888854980469,222.801025390625
10-04-2000,286.1111145019531,288.8888854980469,2084,288.8888854980469,286.1111145019531,220.65879821777344
11-04-2000,286.1111145019531,287.5,1787,290.27777099609375,287.5,221.72996520996094
12-04-2000,287.5,288.1944580078125,986,290.27777099609375,288.8888854980469,222.801025390625
13-04-2000,287.5,290.27777099609375,5256,300.0,300.0,231.370361328125
14-04-2000,280.5555419921875,301.3888854980469,2804,316.6666564941406,280.5555419921875,216.37417602539062
17-04-2000,281.9444580078125,281.9444580078125,986,288.8888854980469,286.1111145019531,220.65879821777344
18-04-2000,284.72222900390625,290.27777099609375,1233,297.22222900390625,297.22222900390625,229.22799682617188
19-04-2000,280.5555419921875,280.5555419921875,2084,311.1111145019531,311.1111145019531,239.9396514892578
20-04-2000,295.8333435058594,311.1111145019531,1400,311.1111145019531,305.5555419921875,235.65501403808594
24-04-2000,286.1111145019531,297.22222900390625,1899,302.77777099609375,290.27777099609375,223.8722686767578
25-04-2000,287.5,291.6666564941406,1746,291.6666564941406,287.5,221.72996520996094
26-04-2000,287.5,288.8888854980469,918,294.4444580078125,287.5,223.4570770263672
27-04-2000,287.5,297.22222900390625,198,300.0,290.27777099609375,225.6161346435547
28-04-2000,288.8888854980469,291.6666564941406,306,300.0,300.0,233.17259216308594
01-05-2000,288.8888854980469,297.22222900390625,450,298.6111145019531,288.8888854980469,224.5366668701172
02-05-2000,287.5,287.5,1688,290.27777099609375,288.8888854980469,224.5366668701172
03-05-2000,279.1666564941406,287.5,6624,290.27777099609375,280.5555419921875,218.0596466064453
04-05-2000,280.5555419921875,280.5555419921875,608,294.4444580078125,286.1111145019531,222.3776397705078
05-05-2000,286.1111145019531,286.1111145019531,639,290.27777099609375,286.1111145019531,222.3776397705078
08-05-2000,286.1111145019531,290.27777099609375,653,290.27777099609375,288.8888854980469,224.5366668701172
09-05-2000,280.5555419921875,284.72222900390625,675,288.8888854980469,280.5555419921875,218.0596466064453
10-05-2000,272.22222900390625,279.1666564941406,572,286.1111145019531,279.1666564941406,216.9801788330078
11-05-2000,272.22222900390625,275.0,158,275.0,272.22222900390625,211.5825958251953
12-05-2000,266.6666564941406,279.1666564941406,545,279.1666564941406,268.0555419921875,208.3440704345703
15-05-2000,261.1111145019531,265.27777099609375,14121,275.0,262.5,204.02610778808594
16-05-2000,261.8055419921875,263.8888854980469,2268,266.6666564941406,265.27777099609375,206.18508911132812
17-05-2000,261.1111145019531,269.4444580078125,527,269.4444580078125,268.0555419921875,208.3440704345703
18-05-2000,263.8888854980469,268.0555419921875,585,268.0555419921875,266.6666564941406,207.2645721435547
19-05-2000,261.1111145019531,263.8888854980469,1274,266.6666564941406,261.1111145019531,202.9465789794922
22-05-2000,255.55555725097656,261.1111145019531,261,261.1111145019531,255.55555725097656,198.6286163330078
23-05-2000,253.125,263.8888854980469,324,263.8888854980469,255.55555725097656,198.6286163330078
24-05-2000,244.44444274902344,254.1666717529297,1431,254.1666717529297,250.0,194.31056213378906
25-05-2000,250.0,254.1666717529297,459,254.1666717529297,251.38888549804688,195.38998413085938
26-05-2000,247.22222900390625,261.1111145019531,491,263.8888854980469,255.55555725097656,198.6286163330078
30-05-2000,248.61111450195312,255.55555725097656,1917,258.3333435058594,250.0,194.31056213378906
31-05-2000,208.3333282470703,247.22222900390625,2282,247.22222900390625,208.3333282470703,161.92544555664062
01-06-2000,219.44444274902344,219.44444274902344,2048,236.11111450195312,231.94444274902344,180.27703857421875
02-06-2000,230.55555725097656,233.3333282470703,2790,233.3333282470703,230.55555725097656,179.19752502441406
05-06-2000,222.22222900390625,231.94444274902344,2007,231.94444274902344,228.81944274902344,177.84812927246094
06-06-2000,216.6666717529297,226.38888549804688,5913,227.77777099609375,216.6666717529297,168.40249633789062
07-06-2000,211.11111450195312,219.44444274902344,2565,219.44444274902344,212.5,165.16400146484375
08-06-2000,197.22222900390625,216.6666717529297,5279,216.6666717529297,204.1666717529297,158.68692016601562
09-06-2000,181.94444274902344,205.55555725097656,9878,205.55555725097656,194.44444274902344,151.13047790527344
12-06-2000,183.3333282470703,205.55555725097656,7457,205.55555725097656,188.88888549804688,146.81236267089844
13-06-2000,186.11111450195312,186.11111450195312,3681,202.77777099609375,194.7916717529297,151.40029907226562
14-06-2000,197.22222900390625,202.77777099609375,3209,222.22222900390625,216.6666717529297,168.40249633789062
15-06-2000,200.0,211.11111450195312,14265,221.52777099609375,201.38888549804688,156.52792358398438
16-06-2000,190.27777099609375,200.0,2610,204.1666717529297,191.6666717529297,148.97142028808594
19-06-2000,188.88888549804688,195.48611450195312,2255,202.77777099609375,194.44444274902344,151.13047790527344
20-06-2000,193.05555725097656,198.61111450195312,3402,198.61111450195312,195.8333282470703,152.20994567871094
21-06-2000,189.5833282470703,194.44444274902344,3272,197.22222900390625,194.44444274902344,151.13047790527344
22-06-2000,184.72222900390625,193.75,1638,194.44444274902344,186.11111450195312,144.65341186523438
23-06-2000,175.0,185.4166717529297,3569,191.6666717529297,191.6666717529297,148.97142028808594
26-06-2000,183.3333282470703,191.31944274902344,941,192.36111450195312,188.88888549804688,146.81236267089844
27-06-2000,186.11111450195312,187.5,1395,195.8333282470703,191.6666717529297,148.97142028808594
28-06-2000,190.27777099609375,198.61111450195312,1143,198.61111450195312,194.44444274902344,151.13047790527344
29-06-2000,181.94444274902344,197.22222900390625,5319,197.22222900390625,184.72222900390625,143.5739288330078
30-06-2000,163.88888549804688,180.55555725097656,18113,184.72222900390625,180.55555725097656,140.33546447753906
03-07-2000,170.8333282470703,179.86111450195312,2043,180.55555725097656,172.22222900390625,133.85836791992188
05-07-2000,169.44444274902344,173.9583282470703,2867,173.9583282470703,170.8333282470703,132.77883911132812
06-07-2000,170.8333282470703,172.22222900390625,6359,180.55555725097656,177.77777099609375,138.17642211914062
07-07-2000,180.55555725097656,180.55555725097656,5198,200.0,200.0,155.44845581054688
10-07-2000,196.52777099609375,197.22222900390625,8469,233.3333282470703,227.77777099609375,177.03851318359375
11-07-2000,230.55555725097656,233.3333282470703,7475,248.61111450195312,248.61111450195312,193.23104858398438
12-07-2000,248.61111450195312,249.30555725097656,6755,266.6666564941406,265.27777099609375,206.18508911132812
13-07-2000,266.6666564941406,268.0555419921875,4698,283.3333435058594,272.22222900390625,211.5825958251953
14-07-2000,269.4444580078125,272.9166564941406,3506,280.5555419921875,280.5555419921875,218.0596466064453
17-07-2000,272.22222900390625,281.9444580078125,3483,281.9444580078125,272.22222900390625,211.5825958251953
18-07-2000,272.22222900390625,272.22222900390625,2151,276.3888854980469,276.3888854980469,214.82118225097656
19-07-2000,272.22222900390625,276.3888854980469,1364,287.5,281.9444580078125,219.13912963867188
20-07-2000,263.8888854980469,277.77777099609375,2547,284.72222900390625,266.6666564941406,207.2645721435547
21-07-2000,250.0,268.0555419921875,1337,268.0555419921875,262.5,204.02610778808594
24-07-2000,262.5,263.8888854980469,1548,266.6666564941406,265.27777099609375,206.18508911132812
25-07-2000,258.3333435058594,262.5,1643,262.5,258.3333435058594,200.78758239746094
26-07-2000,255.55555725097656,255.55555725097656,2129,263.1944580078125,258.3333435058594,200.78758239746094
27-07-2000,254.1666717529297,255.55555725097656,3195,265.27777099609375,265.27777099609375,207.97409057617188
28-07-2000,256.9444580078125,266.6666564941406,446,266.6666564941406,256.9444580078125,201.44088745117188
31-07-2000,256.9444580078125,261.1111145019531,1445,262.5,256.9444580078125,201.44088745117188
01-08-2000,254.1666717529297,259.72222900390625,1656,259.72222900390625,254.1666717529297,199.26312255859375
02-08-2000,250.0,254.1666717529297,2691,255.55555725097656,255.55555725097656,200.35203552246094
03-08-2000,238.88888549804688,250.0,1571,254.1666717529297,245.8333282470703,192.72988891601562
04-08-2000,244.44444274902344,247.22222900390625,7376,247.22222900390625,244.44444274902344,191.64102172851562
07-08-2000,244.44444274902344,245.8333282470703,648,252.77777099609375,248.61111450195312,194.9076690673828
08-08-2000,243.05555725097656,252.77777099609375,662,252.77777099609375,243.05555725097656,190.55218505859375
09-08-2000,238.88888549804688,241.6666717529297,990,250.0,238.88888549804688,187.28558349609375
10-08-2000,238.88888549804688,238.88888549804688,684,244.44444274902344,241.6666717529297,189.46331787109375
11-08-2000,238.88888549804688,241.6666717529297,414,241.6666717529297,238.88888549804688,187.28558349609375
14-08-2000,237.5,238.88888549804688,1377,258.3333435058594,252.77777099609375,198.17425537109375
15-08-2000,250.0,252.77777099609375,1314,255.55555725097656,250.0,195.99656677246094
16-08-2000,247.22222900390625,250.0,540,255.55555725097656,255.55555725097656,200.35203552246094
17-08-2000,255.55555725097656,255.55555725097656,212,255.55555725097656,255.55555725097656,200.35203552246094
18-08-2000,250.0,251.38888549804688,1044,261.1111145019531,258.3333435058594,202.52980041503906
21-08-2000,255.55555725097656,259.72222900390625,207,259.72222900390625,255.55555725097656,200.35203552246094
22-08-2000,252.77777099609375,252.77777099609375,369,261.1111145019531,261.1111145019531,204.70750427246094
23-08-2000,247.22222900390625,263.8888854980469,531,263.8888854980469,248.61111450195312,194.9076690673828
24-08-2000,241.6666717529297,247.22222900390625,10373,255.55555725097656,248.61111450195312,194.9076690673828
25-08-2000,247.22222900390625,247.22222900390625,621,259.72222900390625,259.72222900390625,203.61865234375
28-08-2000,255.55555725097656,255.55555725097656,356,263.8888854980469,259.72222900390625,203.61865234375
29-08-2000,259.72222900390625,259.72222900390625,612,263.8888854980469,261.1111145019531,204.70750427246094
30-08-2000,255.55555725097656,263.8888854980469,459,263.8888854980469,256.25,200.8964385986328
31-08-2000,255.55555725097656,255.55555725097656,1076,269.4444580078125,261.1111145019531,204.70750427246094
01-09-2000,263.8888854980469,266.6666564941406,1913,275.0,266.6666564941406,209.06301879882812
05-09-2000,265.27777099609375,269.4444580078125,761,277.77777099609375,277.77777099609375,217.7739715576172
06-09-2000,273.6111145019531,275.0,176,277.77777099609375,273.6111145019531,214.5073699951172
07-09-2000,273.6111145019531,273.6111145019531,630,277.77777099609375,277.77777099609375,217.7739715576172
08-09-2000,275.0,275.0,819,283.3333435058594,283.3333435058594,222.12945556640625
11-09-2000,281.9444580078125,283.3333435058594,473,283.3333435058594,281.9444580078125,221.04052734375
12-09-2000,281.9444580078125,281.9444580078125,504,283.3333435058594,281.9444580078125,221.04052734375
13-09-2000,277.77777099609375,280.5555419921875,1161,283.3333435058594,277.77777099609375,217.7739715576172
14-09-2000,280.5555419921875,282.6388854980469,1517,287.5,284.72222900390625,223.21827697753906
15-09-2000,276.3888854980469,281.9444580078125,896,281.9444580078125,280.5555419921875,219.9517059326172
18-09-2000,280.5555419921875,283.3333435058594,729,283.3333435058594,280.5555419921875,219.9517059326172
19-09-2000,280.5555419921875,283.3333435058594,257,283.3333435058594,283.3333435058594,222.12945556640625
20-09-2000,277.77777099609375,283.3333435058594,1220,284.72222900390625,279.1666564941406,218.8628387451172
21-09-2000,275.0,277.77777099609375,198,283.3333435058594,277.77777099609375,217.7739715576172
22-09-2000,268.0555419921875,273.6111145019531,369,273.6111145019531,268.75,210.69627380371094
25-09-2000,269.4444580078125,272.22222900390625,1076,275.0,269.4444580078125,211.24075317382812
26-09-2000,258.3333435058594,272.22222900390625,819,272.22222900390625,261.1111145019531,204.70750427246094
27-09-2000,256.9444580078125,269.4444580078125,1040,275.0,266.6666564941406,209.06301879882812
28-09-2000,256.9444580078125,256.9444580078125,333,263.8888854980469,262.5,205.79637145996094
29-09-2000,258.3333435058594,266.6666564941406,3258,272.22222900390625,272.22222900390625,213.41844177246094
02-10-2000,266.6666564941406,266.6666564941406,1364,273.6111145019531,272.22222900390625,213.41844177246094
03-10-2000,269.4444580078125,272.9166564941406,657,273.6111145019531,273.6111145019531,214.5073699951172
04-10-2000,268.0555419921875,270.8333435058594,878,275.0,271.52777099609375,212.87405395507812
05-10-2000,269.4444580078125,272.22222900390625,333,272.22222900390625,270.8333435058594,212.32962036132812
06-10-2000,266.6666564941406,268.0555419921875,329,268.40277099609375,266.6666564941406,209.06301879882812
09-10-2000,263.8888854980469,263.8888854980469,135,265.27777099609375,263.8888854980469,206.88525390625
10-10-2000,255.55555725097656,265.27777099609375,1080,265.27777099609375,259.72222900390625,203.61865234375
11-10-2000,244.44444274902344,256.25,599,256.9444580078125,244.44444274902344,191.64102172851562
12-10-2000,238.88888549804688,244.44444274902344,1103,261.1111145019531,250.0,195.99656677246094
13-10-2000,243.05555725097656,243.05555725097656,522,261.1111145019531,255.55555725097656,200.35203552246094
16-10-2000,247.22222900390625,258.3333435058594,630,266.6666564941406,250.0,195.99656677246094
17-10-2000,247.22222900390625,248.61111450195312,1427,255.55555725097656,247.22222900390625,193.81878662109375
18-10-2000,236.11111450195312,244.44444274902344,374,244.44444274902344,236.11111450195312,185.10784912109375
19-10-2000,236.11111450195312,236.11111450195312,1332,286.1111145019531,259.72222900390625,203.61865234375
20-10-2000,254.1666717529297,260.4166564941406,203,266.6666564941406,261.1111145019531,204.70750427246094
23-10-2000,266.6666564941406,268.0555419921875,423,272.22222900390625,268.0555419921875,210.1518096923828
24-10-2000,254.1666717529297,258.6805419921875,369,261.1111145019531,261.1111145019531,204.70750427246094
25-10-2000,255.55555725097656,256.9444580078125,545,266.6666564941406,266.6666564941406,209.06301879882812
26-10-2000,256.9444580078125,256.9444580078125,50,266.6666564941406,259.72222900390625,203.61865234375
27-10-2000,259.72222900390625,259.72222900390625,32,259.72222900390625,259.72222900390625,203.61865234375
30-10-2000,261.1111145019531,266.6666564941406,671,269.4444580078125,269.4444580078125,211.24075317382812
31-10-2000,261.4583435058594,261.4583435058594,1521,288.8888854980469,288.8888854980469,226.48486328125
01-11-2000,287.5,287.5,6305,316.6666564941406,302.77777099609375,237.37356567382812
02-11-2000,297.22222900390625,302.77777099609375,972,302.77777099609375,302.77777099609375,237.37356567382812
03-11-2000,297.22222900390625,308.3333435058594,2048,308.3333435058594,301.3888854980469,236.28468322753906
06-11-2000,291.6666564941406,300.0,653,300.0,294.4444580078125,230.8404541015625
07-11-2000,291.6666564941406,301.3888854980469,941,302.77777099609375,302.77777099609375,237.37356567382812
08-11-2000,295.8333435058594,301.3888854980469,306,302.77777099609375,297.22222900390625,233.01808166503906
09-11-2000,297.22222900390625,297.22222900390625,0,297.22222900390625,297.22222900390625,233.01808166503906
10-11-2000,297.22222900390625,297.5694580078125,135,300.0,299.3055419921875,234.6514892578125
13-11-2000,294.4444580078125,300.0,320,300.0,297.22222900390625,234.76113891601562
14-11-2000,300.0,300.0,369,300.0,300.0,236.95513916015625
15-11-2000,295.8333435058594,300.0,347,302.77777099609375,297.22222900390625,234.76113891601562
16-11-2000,288.8888854980469,294.4444580078125,432,294.4444580078125,290.27777099609375,229.2760467529297
17-11-2000,288.8888854980469,291.6666564941406,909,294.4444580078125,291.6666564941406,230.37307739257812
20-11-2000,287.5,287.5,432,290.27777099609375,290.27777099609375,229.2760467529297
21-11-2000,287.5,288.8888854980469,1440,293.0555419921875,290.27777099609375,229.2760467529297
22-11-2000,286.1111145019531,288.8888854980469,815,293.0555419921875,291.6666564941406,230.37307739257812
24-11-2000,286.1111145019531,287.5,419,293.0555419921875,291.6666564941406,230.37307739257812
27-11-2000,292.3611145019531,292.3611145019531,576,300.0,293.0555419921875,231.47006225585938
28-11-2000,293.0555419921875,294.4444580078125,527,300.0,300.0,236.95513916015625
29-11-2000,294.4444580078125,297.22222900390625,684,308.3333435058594,300.0,236.95513916015625
30-11-2000,297.22222900390625,297.22222900390625,1377,302.77777099609375,298.6111145019531,235.8582000732422
01-12-2000,300.0,302.77777099609375,23571,319.4444580078125,319.4444580078125,252.31333923339844
04-12-2000,333.3333435058594,333.3333435058594,6417,350.0,347.22222900390625,274.25372314453125
05-12-2000,345.8333435058594,346.875,5787,383.3333435058594,377.77777099609375,298.3879089355469
06-12-2000,358.3333435058594,379.8611145019531,2412,380.5555419921875,369.4444580078125,291.8059387207031
07-12-2000,361.1111145019531,366.6666564941406,2354,380.5555419921875,372.22222900390625,293.99981689453125
08-12-2000,372.22222900390625,372.22222900390625,4595,387.5,381.9444580078125,301.67901611328125
11-12-2000,377.77777099609375,384.375,1071,400.0,394.4444580078125,311.5521240234375
12-12-2000,387.5,391.6666564941406,2322,433.3333435058594,427.77777099609375,337.8805236816406
13-12-2000,423.6111145019531,433.3333435058594,5729,466.6666564941406,451.3888854980469,356.52984619140625
14-12-2000,438.8888854980469,454.5138854980469,5819,469.4444580078125,466.6666564941406,368.59686279296875
15-12-2000,441.6666564941406,455.5555419921875,3830,466.6666564941406,455.5555419921875,359.82080078125
18-12-2000,441.6666564941406,456.25,3749,466.6666564941406,463.8888854980469,366.40289306640625
19-12-2000,463.8888854980469,463.8888854980469,6629,502.77777099609375,488.8888854980469,386.1490783691406
20-12-2000,444.4444580078125,457.2916564941406,3015,466.6666564941406,466.6666564941406,368.59686279296875
21-12-2000,461.1111145019531,466.6666564941406,3510,475.0,470.8333435058594,371.8879089355469
22-12-2000,466.6666564941406,466.6666564941406,3897,505.5555419921875,505.5555419921875,399.31329345703125
26-12-2000,506.9444580078125,506.9444580078125,4730,525.0,520.8333129882812,411.3804931640625
27-12-2000,522.2222290039062,522.2222290039062,2925,548.611083984375,538.888916015625,425.6416320800781
28-12-2000,516.6666870117188,535.4166870117188,7470,536.111083984375,530.5555419921875,419.0595397949219
29-12-2000,527.7777709960938,530.5555419921875,14009,569.4444580078125,555.5555419921875,438.80572509765625
02-01-2001,516.6666870117188,527.7777709960938,6431,530.5555419921875,522.2222290039062,412.4775085449219
03-01-2001,469.4444580078125,519.4444580078125,3569,520.8333129882812,511.1111145019531,403.7013854980469
04-01-2001,487.5,487.5,3578,511.1111145019531,488.8888854980469,386.1490783691406
05-01-2001,433.3333435058594,490.27777099609375,5135,491.6666564941406,469.4444580078125,370.791015625
08-01-2001,466.6666564941406,466.6666564941406,2457,477.77777099609375,476.3888854980469,376.27593994140625
09-01-2001,477.77777099609375,478.47222900390625,2111,508.3333435058594,502.77777099609375,397.1192932128906
10-01-2001,494.4444580078125,500.0,2673,505.5555419921875,502.77777099609375,397.1192932128906
11-01-2001,491.6666564941406,494.4444580078125,1985,533.3333129882812,533.3333129882812,421.2536315917969
12-01-2001,494.4444580078125,508.6805419921875,1890,533.3333129882812,504.1666564941406,398.2163391113281
16-01-2001,480.5555419921875,505.5555419921875,1301,516.6666870117188,480.5555419921875,379.56695556640625
17-01-2001,469.4444580078125,502.4305419921875,2714,502.4305419921875,479.1666564941406,378.4700622558594
18-01-2001,466.6666564941406,466.6666564941406,765,488.8888854980469,477.77777099609375,377.37310791015625
19-01-2001,477.77777099609375,479.1666564941406,2385,491.6666564941406,483.3333435058594,381.760986328125
22-01-2001,466.6666564941406,480.5555419921875,1319,488.8888854980469,483.3333435058594,381.760986328125
23-01-2001,475.0,476.3888854980469,2390,498.6111145019531,494.4444580078125,390.53729248046875
24-01-2001,481.9444580078125,497.22222900390625,1197,500.0,500.0,394.92529296875
25-01-2001,480.5555419921875,500.0,545,502.77777099609375,480.5555419921875,379.56695556640625
26-01-2001,472.22222900390625,480.90277099609375,576,487.5,475.0,375.1790466308594
29-01-2001,466.6666564941406,472.22222900390625,2030,480.5555419921875,469.4444580078125,372.53387451171875
30-01-2001,469.4444580078125,469.4444580078125,3074,480.5555419921875,477.77777099609375,379.1468811035156
31-01-2001,466.6666564941406,477.77777099609375,626,483.3333435058594,483.3333435058594,383.5554504394531
01-02-2001,469.4444580078125,483.3333435058594,1283,483.3333435058594,483.3333435058594,383.5554504394531
02-02-2001,477.77777099609375,483.3333435058594,626,494.4444580078125,483.3333435058594,383.5554504394531
05-02-2001,483.3333435058594,483.3333435058594,725,500.0,490.97222900390625,389.61749267578125
06-02-2001,483.3333435058594,483.6805419921875,333,494.4444580078125,487.5,386.8620300292969
07-02-2001,480.5555419921875,491.6666564941406,914,495.8333435058594,483.3333435058594,383.5554504394531
08-02-2001,486.1111145019531,494.4444580078125,941,495.8333435058594,491.6666564941406,390.1684265136719
09-02-2001,483.3333435058594,483.6805419921875,963,497.22222900390625,495.8333435058594,393.4750671386719
12-02-2001,494.4444580078125,494.4444580078125,1508,516.6666870117188,502.77777099609375,398.98583984375
13-02-2001,494.4444580078125,494.4444580078125,675,516.6666870117188,511.1111145019531,405.59893798828125
14-02-2001,500.0,513.888916015625,311,516.6666870117188,513.888916015625,407.80328369140625
15-02-2001,502.77777099609375,505.5555419921875,765,508.3333435058594,504.1666564941406,400.088134765625
16-02-2001,477.77777099609375,503.125,792,505.5555419921875,488.8888854980469,387.9641418457031
20-02-2001,480.5555419921875,480.90277099609375,2277,497.22222900390625,494.4444580078125,392.37298583984375
21-02-2001,488.8888854980469,488.8888854980469,1013,505.5555419921875,505.5555419921875,401.1902160644531
22-02-2001,497.22222900390625,500.0,878,509.72222900390625,509.72222900390625,404.49676513671875
23-02-2001,500.0,500.0,1094,509.72222900390625,502.77777099609375,398.98583984375
26-02-2001,500.0,500.0,1625,509.72222900390625,502.77777099609375,398.98583984375
27-02-2001,497.22222900390625,506.25,720,506.9444580078125,498.6111145019531,395.67938232421875
28-02-2001,494.4444580078125,497.9166564941406,1256,504.1666564941406,504.1666564941406,400.088134765625
01-03-2001,495.8333435058594,495.8333435058594,1323,500.0,500.0,396.7816162109375
02-03-2001,488.8888854980469,488.8888854980469,1377,520.8333129882812,520.8333129882812,413.31414794921875
05-03-2001,511.1111145019531,519.7916870117188,2156,538.888916015625,536.111083984375,425.4380187988281
06-03-2001,516.6666870117188,533.3333129882812,1022,538.888916015625,533.3333129882812,423.233642578125
07-03-2001,516.6666870117188,534.7222290039062,617,538.888916015625,538.888916015625,427.6423034667969
08-03-2001,522.2222290039062,525.0,824,531.9444580078125,522.2222290039062,414.4162902832031
09-03-2001,494.4444580078125,514.236083984375,896,519.4444580078125,519.4444580078125,412.2119140625
12-03-2001,481.9444580078125,505.5555419921875,801,521.875,494.4444580078125,392.37298583984375
13-03-2001,483.3333435058594,483.3333435058594,333,506.59722900390625,497.22222900390625,394.57720947265625
14-03-2001,452.77777099609375,467.0138854980469,1742,467.7083435058594,465.27777099609375,369.2272644042969
15-03-2001,468.0555419921875,472.22222900390625,536,476.3888854980469,469.4444580078125,372.53387451171875
16-03-2001,466.6666564941406,472.22222900390625,1346,491.6666564941406,486.1111145019531,385.7598876953125
19-03-2001,480.5555419921875,480.90277099609375,95,488.8888854980469,481.9444580078125,382.45330810546875
20-03-2001,477.77777099609375,480.5555419921875,387,491.6666564941406,491.6666564941406,390.1684265136719
21-03-2001,475.0,488.8888854980469,1080,488.8888854980469,479.8611145019531,380.800048828125
22-03-2001,459.72222900390625,475.0,477,475.34722900390625,466.6666564941406,370.3293762207031
23-03-2001,464.5833435058594,464.5833435058594,648,495.8333435058594,494.4444580078125,392.37298583984375
26-03-2001,494.09722900390625,494.4444580078125,1076,519.4444580078125,502.77777099609375,398.98583984375
27-03-2001,503.125,519.4444580078125,990,527.7777709960938,527.7777709960938,418.8248596191406
28-03-2001,511.1111145019531,511.1111145019531,257,527.7777709960938,527.7777709960938,418.8248596191406
29-03-2001,518.0555419921875,527.4305419921875,2264,541.6666870117188,541.6666870117188,429.84674072265625
30-03-2001,533.3333129882812,541.3194580078125,4073,555.5555419921875,555.5555419921875,440.8683776855469
02-04-2001,522.2222290039062,541.6666870117188,3285,552.7777709960938,544.4444580078125,432.05108642578125
03-04-2001,525.0,547.2222290039062,239,547.2222290039062,527.7777709960938,418.8248596191406
04-04-2001,516.6666870117188,533.3333129882812,2714,544.4444580078125,544.4444580078125,432.05108642578125
05-04-2001,522.2222290039062,547.2222290039062,932,561.111083984375,561.111083984375,445.2770690917969
06-04-2001,533.3333129882812,555.5555419921875,1931,566.6666870117188,566.6666870117188,449.6857604980469
09-04-2001,555.7777709960938,561.111083984375,599,566.6666870117188,566.0,449.1567077636719
10-04-2001,564.6666870117188,564.6666870117188,8415,590.0,588.888916015625,467.3204345703125
11-04-2001,568.0,591.111083984375,4662,623.5555419921875,568.0,450.7438049316406
12-04-2001,533.5555419921875,568.0,2849,568.2222290039062,556.6666870117188,441.7500305175781
16-04-2001,546.6666870117188,550.0,1337,560.0,546.6666870117188,433.8144836425781
17-04-2001,521.7777709960938,543.3333129882812,2151,545.111083984375,521.7777709960938,414.0635986328125
18-04-2001,488.8888854980469,522.2222290039062,8631,531.111083984375,491.1111145019531,389.7276611328125
19-04-2001,488.8888854980469,488.8888854980469,1746,499.77777099609375,491.3333435058594,389.90399169921875
20-04-2001,490.4444580078125,490.4444580078125,1278,511.1111145019531,506.4444580078125,401.8956604003906
23-04-2001,488.0,506.6666564941406,1004,506.6666564941406,491.1111145019531,389.7276611328125
24-04-2001,488.8888854980469,491.1111145019531,896,497.77777099609375,491.1111145019531,389.7276611328125
25-04-2001,450.0,493.1111145019531,3236,493.3333435058594,454.4444580078125,360.63031005859375
26-04-2001,455.5555419921875,466.4444580078125,5108,475.5555419921875,462.0,368.427734375
27-04-2001,457.1111145019531,457.1111145019531,3524,489.1111145019531,488.8888854980469,389.8705749511719
30-04-2001,493.3333435058594,494.4444580078125,4968,503.3333435058594,501.77777099609375,400.1490173339844
01-05-2001,494.4444580078125,505.5555419921875,7020,524.4444580078125,512.2222290039062,408.47808837890625
02-05-2001,508.8888854980469,512.2222290039062,7191,514.4444580078125,511.3333435058594,407.76922607421875
03-05-2001,503.3333435058594,511.1111145019531,13298,520.0,511.1111145019531,407.592041015625
04-05-2001,508.8888854980469,509.1111145019531,5355,522.2222290039062,522.2222290039062,416.45263671875
07-05-2001,508.8888854980469,522.2222290039062,2192,522.2222290039062,521.111083984375,415.5666809082031
08-05-2001,511.1111145019531,520.0,2336,536.6666870117188,528.2222290039062,421.2375183105469
09-05-2001,512.2222290039062,522.888916015625,3578,538.888916015625,538.888916015625,429.74383544921875
10-05-2001,528.888916015625,528.888916015625,2439,555.3333129882812,555.3333129882812,442.8575744628906
11-05-2001,540.0,555.5555419921875,10994,566.6666870117188,550.0,438.6044921875
14-05-2001,541.111083984375,550.0,8348,556.888916015625,555.5555419921875,443.0347900390625
15-05-2001,530.888916015625,538.888916015625,9473,542.888916015625,532.0,424.25006103515625
16-05-2001,532.0,532.2222290039062,5634,545.111083984375,540.0,430.62982177734375
17-05-2001,536.4444580078125,544.4444580078125,3920,547.3333129882812,541.3333129882812,431.6931457519531
18-05-2001,514.4444580078125,541.3333129882812,2961,543.3333129882812,514.4444580078125,410.250244140625
21-05-2001,488.8888854980469,514.4444580078125,4001,514.4444580078125,501.77777099609375,400.1490173339844
22-05-2001,495.77777099609375,499.77777099609375,1017,507.77777099609375,505.5555419921875,403.1616516113281
23-05-2001,499.5555419921875,504.6666564941406,1242,507.3333435058594,502.22222900390625,400.5035400390625
24-05-2001,498.8888854980469,502.22222900390625,1602,505.5555419921875,502.22222900390625,400.5035400390625
25-05-2001,494.4444580078125,502.0,3902,502.6666564941406,499.77777099609375,398.5541687011719
29-05-2001,493.77777099609375,499.5555419921875,1773,499.5555419921875,498.6666564941406,397.66796875
30-05-2001,498.8888854980469,499.1111145019531,2268,542.2222290039062,537.3333129882812,428.50311279296875
31-05-2001,536.6666870117188,538.888916015625,1611,545.5555419921875,536.6666870117188,427.9717102050781
01-06-2001,540.6666870117188,544.4444580078125,4631,550.6666870117188,550.6666870117188,439.1361083984375
04-06-2001,543.3333129882812,550.0,1643,555.5555419921875,544.4444580078125,434.1741027832031
05-06-2001,541.5555419921875,555.3333129882812,1193,555.3333129882812,552.2222290039062,440.3766174316406
06-06-2001,525.111083984375,541.111083984375,1242,553.7777709960938,552.2222290039062,440.3766174316406
07-06-2001,536.6666870117188,552.0,2651,552.0,550.0,438.6044921875
08-06-2001,541.3333129882812,547.7777709960938,1274,551.3333129882812,544.4444580078125,434.1741027832031
11-06-2001,533.3333129882812,543.111083984375,4703,546.6666870117188,533.3333129882812,425.3133239746094
12-06-2001,522.6666870117188,533.3333129882812,2210,533.7777709960938,529.7777709960938,422.4779968261719
13-06-2001,525.5555419921875,527.5555419921875,1769,533.7777709960938,532.2222290039062,424.4273376464844
14-06-2001,527.5555419921875,532.0,891,534.0,527.7777709960938,420.88299560546875
15-06-2001,522.2222290039062,527.7777709960938,234,529.7777709960938,522.2222290039062,416.45263671875
18-06-2001,514.2222290039062,525.7777709960938,270,529.111083984375,518.6666870117188,413.6173095703125
19-06-2001,494.4444580078125,514.2222290039062,1044,522.0,504.6666564941406,402.4528503417969
20-06-2001,498.0,504.6666564941406,3483,508.8888854980469,504.0,401.9212341308594
21-06-2001,502.22222900390625,504.22222900390625,5162,511.1111145019531,506.6666564941406,404.0477600097656
22-06-2001,494.6666564941406,510.8888854980469,4856,511.1111145019531,494.6666564941406,394.4781799316406
25-06-2001,503.3333435058594,505.3333435058594,4356,511.77777099609375,503.3333435058594,401.38958740234375
26-06-2001,487.1111145019531,508.0,5747,508.0,488.22222900390625,389.33892822265625
27-06-2001,488.6666564941406,495.5555419921875,1935,501.5555419921875,498.8888854980469,397.84527587890625
28-06-2001,483.3333435058594,500.4444580078125,2894,508.22222900390625,492.8888854980469,393.0605163574219
29-06-2001,454.0,490.8888854980469,8987,494.8888854980469,464.4444580078125,370.3771057128906
02-07-2001,476.6666564941406,476.6666564941406,4086,500.22222900390625,495.3333435058594,395.0098571777344
03-07-2001,493.3333435058594,503.1111145019531,2165,522.2222290039062,515.3333129882812,410.95904541015625
05-07-2001,515.3333129882812,517.7777709960938,5792,532.888916015625,531.7777709960938,424.0729064941406
06-07-2001,530.888916015625,533.111083984375,1926,537.7777709960938,535.5555419921875,427.0854797363281
09-07-2001,530.6666870117188,537.7777709960938,5324,555.5555419921875,555.5555419921875,443.0347900390625
10-07-2001,555.5555419921875,555.5555419921875,4946,598.888916015625,598.6666870117188,477.414306640625
11-07-2001,581.111083984375,598.6666870117188,5796,611.111083984375,581.111083984375,463.4143981933594
12-07-2001,580.0,580.0,5747,612.0,608.6666870117188,485.3890686035156
13-07-2001,607.0,607.0,34020,640.3333129882812,637.0,508.0423278808594
16-07-2001,633.3333129882812,633.6666870117188,4929,711.6666870117188,711.6666870117188,567.593017578125
17-07-2001,680.3333129882812,711.6666870117188,5424,732.6666870117188,705.0,562.2760009765625
18-07-2001,716.6666870117188,716.6666870117188,8451,750.0,727.6666870117188,580.3539428710938
19-07-2001,695.0,721.0,3876,725.0,702.0,559.8833618164062
20-07-2001,698.3333129882812,706.6666870117188,2019,708.3333129882812,708.3333129882812,564.9345092773438
23-07-2001,682.6666870117188,703.3333129882812,3057,711.6666870117188,710.6666870117188,566.7954711914062
24-07-2001,693.3333129882812,710.6666870117188,1290,713.3333129882812,693.3333129882812,552.97119140625
25-07-2001,689.0,689.3333129882812,2712,708.3333129882812,701.6666870117188,559.6174926757812
26-07-2001,696.6666870117188,701.6666870117188,1164,716.6666870117188,712.6666870117188,568.390625
27-07-2001,703.3333129882812,719.3333129882812,1329,721.6666870117188,712.0,567.85888671875
30-07-2001,708.3333129882812,715.0,1359,730.0,720.0,574.2391357421875
31-07-2001,718.3333129882812,721.6666870117188,3855,761.3333129882812,750.0,598.166015625
01-08-2001,755.0,755.0,3495,798.3333129882812,766.6666870117188,611.4586181640625
02-08-2001,758.3333129882812,768.3333129882812,3108,783.0,768.6666870117188,613.0537109375
03-08-2001,747.3333129882812,771.6666870117188,3534,783.3333129882812,753.3333129882812,600.8244018554688
06-08-2001,688.0,750.0,1503,753.3333129882812,700.0,558.2882080078125
07-08-2001,702.0,705.0,1926,731.3333129882812,731.3333129882812,583.2782592773438
08-08-2001,740.0,745.0,2280,766.6666870117188,766.6666870117188,611.4586181640625
09-08-2001,752.6666870117188,770.0,768,773.3333129882812,766.3333129882812,611.1927490234375
10-08-2001,753.3333129882812,766.3333129882812,1038,766.6666870117188,766.6666870117188,611.4586181640625
13-08-2001,754.6666870117188,766.6666870117188,1446,770.0,763.0,608.5341186523438
14-08-2001,761.6666870117188,763.0,2478,771.6666870117188,771.6666870117188,615.4464111328125
15-08-2001,765.0,771.6666870117188,2511,771.6666870117188,770.0,614.1170654296875
16-08-2001,761.3333129882812,766.6666870117188,1971,775.0,770.0,614.1170654296875
17-08-2001,766.6666870117188,770.0,1968,773.3333129882812,771.0,614.9147338867188
20-08-2001,774.3333129882812,774.3333129882812,3420,798.3333129882812,798.3333129882812,636.7145385742188
21-08-2001,793.0,799.3333129882812,4659,861.3333129882812,859.6666870117188,685.6309814453125
22-08-2001,823.3333129882812,859.6666870117188,6567,860.0,845.0,673.9337158203125
23-08-2001,843.3333129882812,845.0,1791,868.0,866.6666870117188,691.2140502929688
24-08-2001,825.0,900.0,4536,900.0,825.0,657.9824829101562
27-08-2001,736.6666870117188,808.3333129882812,6969,808.3333129882812,736.6666870117188,587.5317993164062
28-08-2001,690.0,736.6666870117188,6543,779.3333129882812,720.0,574.2391357421875
29-08-2001,711.6666870117188,720.0,1596,760.0,738.3333129882812,588.8612060546875
30-08-2001,736.6666870117188,736.6666870117188,2430,762.6666870117188,762.6666870117188,608.2683715820312
31-08-2001,732.6666870117188,762.6666870117188,1071,772.6666870117188,732.6666870117188,584.3416748046875
04-09-2001,715.0,730.0,1494,732.0,720.0,574.2391357421875
05-09-2001,720.6666870117188,720.6666870117188,1596,756.6666870117188,740.3333129882812,590.4561767578125
06-09-2001,705.6666870117188,740.3333129882812,858,741.3333129882812,710.0,566.2638549804688
07-09-2001,701.6666870117188,713.3333129882812,1473,733.3333129882812,702.0,559.8833618164062
10-09-2001,699.6666870117188,702.0,651,704.0,700.0,558.2882080078125
17-09-2001,686.6666870117188,700.0,3822,775.0,775.0,618.10498046875
18-09-2001,738.3333129882812,780.0,1620,780.0,743.3333129882812,592.848876953125
19-09-2001,705.0,738.3333129882812,1338,738.6666870117188,718.3333129882812,572.9100341796875
20-09-2001,658.3333129882812,710.0,1500,710.0,658.3333129882812,525.0567626953125
21-09-2001,600.0,641.6666870117188,3015,641.6666870117188,626.6666870117188,499.801025390625
24-09-2001,631.3333129882812,631.3333129882812,2172,680.0,658.6666870117188,525.3228149414062
25-09-2001,658.6666870117188,658.6666870117188,1188,686.0,683.0,544.7298583984375
26-09-2001,664.6666870117188,688.3333129882812,1200,690.0,690.0,550.3126220703125
27-09-2001,666.6666870117188,686.6666870117188,1905,688.3333129882812,686.6666870117188,547.654052734375
28-09-2001,690.0,690.0,3351,770.0,770.0,614.1170654296875
01-10-2001,726.6666870117188,763.3333129882812,1380,763.6666870117188,730.0,582.2147827148438
02-10-2001,716.6666870117188,733.3333129882812,3165,790.3333129882812,776.6666870117188,619.4342041015625
03-10-2001,753.3333129882812,773.3333129882812,3015,798.3333129882812,788.3333129882812,628.7388916015625
04-10-2001,776.3333129882812,776.3333129882812,2070,807.3333129882812,807.3333129882812,643.8923950195312
05-10-2001,783.3333129882812,799.0,2403,801.6666870117188,785.0,626.0803833007812
08-10-2001,746.6666870117188,788.3333129882812,741,788.3333129882812,747.3333129882812,596.0389404296875
09-10-2001,769.3333129882812,785.0,1725,805.0,776.6666870117188,619.4342041015625
10-10-2001,775.0,776.6666870117188,1872,783.3333129882812,780.3333129882812,622.3584594726562
11-10-2001,771.3333129882812,780.3333129882812,3195,783.3333129882812,777.3333129882812,619.9658203125
12-10-2001,750.0,777.3333129882812,2895,777.3333129882812,761.6666870117188,607.4708251953125
15-10-2001,750.0,761.6666870117188,2454,761.6666870117188,755.3333129882812,602.4197387695312
16-10-2001,752.6666870117188,756.6666870117188,1932,771.6666870117188,753.6666870117188,601.0903930664062
17-10-2001,758.0,760.3333129882812,2058,777.3333129882812,765.6666870117188,610.6610107421875
18-10-2001,752.0,765.6666870117188,933,765.6666870117188,759.6666870117188,605.8757934570312
19-10-2001,748.0,756.6666870117188,348,770.3333129882812,770.3333129882812,614.383056640625
22-10-2001,766.6666870117188,771.6666870117188,585,777.0,767.0,611.7243041992188
23-10-2001,762.0,765.0,2352,783.6666870117188,770.0,614.1170654296875
24-10-2001,768.6666870117188,771.6666870117188,1161,783.3333129882812,777.6666870117188,620.231689453125
25-10-2001,775.0,775.0,1707,795.0,791.6666870117188,631.3974609375
26-10-2001,773.6666870117188,800.0,1038,800.0,773.6666870117188,617.0413818359375
29-10-2001,776.6666870117188,786.6666870117188,1518,791.3333129882812,781.6666870117188,623.421875
30-10-2001,765.3333129882812,781.6666870117188,6903,781.6666870117188,773.3333129882812,616.7754516601562
31-10-2001,781.6666870117188,781.6666870117188,1890,835.0,835.0,665.958251953125
01-11-2001,806.6666870117188,835.0,3861,836.3333129882812,823.3333129882812,656.6531372070312
02-11-2001,801.6666870117188,823.3333129882812,909,823.3333129882812,801.6666870117188,639.3728637695312
05-11-2001,803.3333129882812,803.3333129882812,1134,819.3333129882812,819.3333129882812,653.463134765625
06-11-2001,804.3333129882812,819.3333129882812,1251,820.0,813.3333129882812,648.6778564453125
07-11-2001,806.6666870117188,810.0,1068,820.0,816.6666870117188,651.3363037109375
08-11-2001,810.3333129882812,810.3333129882812,849,820.0,816.0,650.8047485351562
09-11-2001,809.0,813.3333129882812,1410,816.6666870117188,816.6666870117188,651.3363037109375
12-11-2001,813.3333129882812,816.3333129882812,2043,825.0,825.0,657.9824829101562
13-11-2001,823.3333129882812,830.0,1164,833.0,832.6666870117188,664.0970458984375
14-11-2001,812.6666870117188,830.3333129882812,1263,830.3333129882812,827.3333129882812,661.6976318359375
15-11-2001,815.0,825.0,636,825.0,815.0,651.8338012695312
16-11-2001,806.6666870117188,813.3333129882812,1536,813.3333129882812,810.0,647.834716796875
19-11-2001,800.0,808.0,1251,808.3333129882812,800.3333129882812,640.1031494140625
20-11-2001,782.0,796.6666870117188,801,796.6666870117188,789.6666870117188,631.5722045898438
21-11-2001,764.6666870117188,781.6666870117188,630,781.6666870117188,766.3333129882812,612.9102172851562
23-11-2001,759.6666870117188,766.3333129882812,522,766.3333129882812,764.3333129882812,611.3104858398438
26-11-2001,756.6666870117188,766.3333129882812,1392,768.3333129882812,758.0,606.245361328125
27-11-2001,737.0,750.0,2997,750.0,746.3333129882812,596.9143676757812
28-11-2001,719.3333129882812,743.0,1077,750.0,721.6666870117188,577.1859741210938
29-11-2001,690.0,715.0,2751,716.6666870117188,716.6666870117188,573.1870727539062
30-11-2001,715.0,718.3333129882812,771,735.0,732.6666870117188,585.9838256835938
03-12-2001,712.3333129882812,733.3333129882812,678,733.3333129882812,720.0,575.85302734375
04-12-2001,708.3333129882812,720.0,2277,720.0,710.0,567.8551025390625
05-12-2001,705.6666870117188,708.3333129882812,1443,723.0,716.3333129882812,572.9202880859375
06-12-2001,710.0,716.3333129882812,1023,720.0,716.6666870117188,573.1870727539062
07-12-2001,709.3333129882812,716.6666870117188,843,716.6666870117188,711.6666870117188,569.1881103515625
10-12-2001,710.0,713.3333129882812,660,720.0,710.0,567.8551025390625
11-12-2001,683.3333129882812,710.0,1044,710.0,683.3333129882812,546.5271606445312
12-12-2001,666.6666870117188,675.0,2697,683.3333129882812,673.3333129882812,538.5294189453125
13-12-2001,673.3333129882812,675.0,831,680.6666870117188,673.3333129882812,538.5294189453125
14-12-2001,673.3333129882812,675.0,1041,713.3333129882812,713.3333129882812,570.5210571289062
17-12-2001,666.6666870117188,708.3333129882812,909,708.3333129882812,667.0,533.4640502929688
18-12-2001,654.6666870117188,666.6666870117188,4281,668.3333129882812,662.6666870117188,529.9981079101562
19-12-2001,650.3333129882812,660.0,1182,661.6666870117188,651.6666870117188,521.2003173828125
20-12-2001,641.6666870117188,658.3333129882812,2046,659.3333129882812,641.6666870117188,513.202392578125
21-12-2001,634.3333129882812,645.0,2034,658.3333129882812,655.0,523.8663940429688
24-12-2001,651.6666870117188,658.3333129882812,258,660.0,660.0,527.865234375
26-12-2001,654.0,656.6666870117188,2892,668.3333129882812,654.0,523.0665283203125
27-12-2001,643.3333129882812,655.0,1008,659.0,643.3333129882812,514.53515625
28-12-2001,643.6666870117188,643.6666870117188,1200,661.6666870117188,661.3333129882812,528.9317626953125
31-12-2001,664.0,665.0,1638,691.6666870117188,671.0,536.6631469726562
02-01-2002,668.3333129882812,668.3333129882812,1983,683.3333129882812,671.6666870117188,537.1962280273438
03-01-2002,678.3333129882812,678.3333129882812,2280,698.3333129882812,685.6666870117188,548.3933715820312
04-01-2002,655.0,681.6666870117188,1338,682.0,660.0,527.865234375
07-01-2002,633.3333129882812,633.3333129882812,4749,652.6666870117188,649.3333129882812,519.334228515625
08-01-2002,649.3333129882812,649.3333129882812,1860,681.6666870117188,681.6666870117188,545.194091796875
09-01-2002,660.0,676.6666870117188,1347,683.3333129882812,666.6666870117188,533.1971435546875
10-01-2002,656.6666870117188,664.0,492,666.6666870117188,666.6666870117188,533.1971435546875
11-01-2002,663.3333129882812,666.6666870117188,1758,686.0,680.0,543.8610229492188
14-01-2002,665.6666870117188,680.0,2502,680.0,676.6666870117188,541.1953735351562
15-01-2002,666.3333129882812,675.0,1173,680.0,666.3333129882812,532.9307250976562
16-01-2002,663.3333129882812,666.6666870117188,1929,667.0,665.0,531.8642578125
17-01-2002,654.3333129882812,665.0,729,666.6666870117188,665.0,531.8642578125
18-01-2002,661.6666870117188,665.0,1671,673.3333129882812,670.6666870117188,536.3964233398438
22-01-2002,671.6666870117188,671.6666870117188,4014,685.0,678.6666870117188,542.7948608398438
23-01-2002,683.3333129882812,687.0,5730,756.6666870117188,756.3333129882812,604.9122314453125
24-01-2002,728.3333129882812,753.3333129882812,3801,761.6666870117188,750.0,599.846923828125
25-01-2002,713.3333129882812,747.0,1680,758.0,723.6666870117188,578.7855834960938
28-01-2002,706.6666870117188,725.3333129882812,1755,733.3333129882812,725.0,579.85205078125
29-01-2002,685.0,723.3333129882812,1548,735.0,705.0,563.8558959960938
30-01-2002,690.0,696.6666870117188,1650,704.3333129882812,699.0,559.0571899414062
31-01-2002,653.3333129882812,705.0,3090,711.6666870117188,657.3333129882812,525.7324829101562
01-02-2002,647.3333129882812,647.3333129882812,2001,663.6666870117188,656.6666870117188,525.1993408203125
04-02-2002,645.6666870117188,660.0,756,665.6666870117188,650.0,519.867431640625
05-02-2002,650.0,658.3333129882812,7260,675.0,650.0,519.867431640625
06-02-2002,641.6666870117188,650.0,1029,664.0,658.3333129882812,526.5321044921875
07-02-2002,637.0,658.6666870117188,612,661.0,637.0,509.4701232910156
08-02-2002,637.0,637.3333129882812,639,665.0,658.3333129882812,526.5321044921875
11-02-2002,654.3333129882812,655.0,549,675.0,675.0,539.8623046875
12-02-2002,671.6666870117188,671.6666870117188,3231,690.0,688.3333129882812,550.526123046875
13-02-2002,693.3333129882812,693.3333129882812,2907,736.6666870117188,735.0,589.8494873046875
14-02-2002,735.0,741.6666870117188,3930,765.0,760.0,609.9122924804688
15-02-2002,727.0,758.3333129882812,2226,758.3333129882812,731.6666870117188,587.1743774414062
19-02-2002,731.6666870117188,731.6666870117188,2487,756.3333129882812,735.3333129882812,590.116943359375
20-02-2002,725.0,733.3333129882812,1209,746.3333129882812,741.6666870117188,595.19970703125
21-02-2002,738.3333129882812,741.6666870117188,1635,758.3333129882812,738.3333129882812,592.5245971679688
22-02-2002,726.6666870117188,736.6666870117188,1035,741.3333129882812,733.3333129882812,588.5118408203125
25-02-2002,740.0,741.6666870117188,1182,763.3333129882812,757.3333129882812,607.7721557617188
26-02-2002,745.0,757.3333129882812,444,757.3333129882812,746.6666870117188,599.2123413085938
27-02-2002,742.0,745.0,465,753.3333129882812,748.3333129882812,600.5497436523438
28-02-2002,748.6666870117188,748.6666870117188,2793,791.6666870117188,786.6666870117188,631.312744140625
01-03-2002,770.6666870117188,786.3333129882812,1362,786.3333129882812,773.3333129882812,620.6124267578125
04-03-2002,750.0,776.6666870117188,1572,779.6666870117188,750.0,601.88720703125
05-03-2002,747.0,750.0,750,766.6666870117188,751.6666870117188,603.2247314453125
06-03-2002,752.3333129882812,752.3333129882812,1092,767.3333129882812,753.0,604.2948608398438
07-03-2002,742.0,758.3333129882812,762,761.6666870117188,746.3333129882812,598.9447021484375
08-03-2002,734.6666870117188,750.0,1386,754.6666870117188,734.6666870117188,589.5820922851562
11-03-2002,707.0,720.0,1401,720.0,709.6666870117188,569.5191040039062
12-03-2002,710.0,710.0,1041,734.3333129882812,718.3333129882812,576.4743041992188
13-03-2002,686.6666870117188,716.6666870117188,996,716.6666870117188,703.3333129882812,564.4365234375
14-03-2002,703.6666870117188,703.6666870117188,1284,757.6666870117188,755.0,605.89990234375
15-03-2002,737.3333129882812,751.6666870117188,651,751.6666870117188,739.3333129882812,593.3269653320312
18-03-2002,728.3333129882812,736.6666870117188,750,736.6666870117188,728.3333129882812,584.4993286132812
19-03-2002,716.3333129882812,726.0,3090,726.0,716.3333129882812,574.8690185546875
20-03-2002,706.6666870117188,716.6666870117188,1548,726.6666870117188,723.3333129882812,580.4868774414062
21-03-2002,721.6666870117188,723.3333129882812,1380,755.0,752.0,603.4922485351562
22-03-2002,745.0,751.6666870117188,672,758.3333129882812,745.0,597.8746948242188
25-03-2002,723.3333129882812,766.6666870117188,2340,775.0,723.3333129882812,580.4868774414062
26-03-2002,720.3333129882812,726.6666870117188,1209,746.6666870117188,745.0,597.8746948242188
27-03-2002,745.0,745.0,3420,769.3333129882812,769.3333129882812,617.402587890625
28-03-2002,767.3333129882812,768.6666870117188,2880,804.3333129882812,776.0,622.7525634765625
01-04-2002,775.0,775.0,3747,833.3333129882812,824.0,661.2733764648438
02-04-2002,821.3333129882812,824.0,1761,833.3333129882812,825.0,662.0760498046875
03-04-2002,817.0,828.3333129882812,870,828.3333129882812,817.3333129882812,655.92333984375
04-04-2002,805.0,814.0,1707,831.6666870117188,813.0,652.4456787109375
05-04-2002,809.0,813.0,972,823.3333129882812,816.0,654.853271484375
08-04-2002,811.0,811.0,474,826.0,826.0,662.8782348632812
09-04-2002,821.6666870117188,826.0,999,830.0,828.3333129882812,664.7508544921875
10-04-2002,821.6666870117188,821.6666870117188,3717,866.6666870117188,860.0,690.1640014648438
11-04-2002,856.6666870117188,861.6666870117188,2934,875.0,862.6666870117188,692.3040161132812
12-04-2002,864.3333129882812,865.0,891,873.0,872.3333129882812,700.0615234375
15-04-2002,873.3333129882812,886.6666870117188,2784,893.6666870117188,882.6666870117188,708.354248046875
16-04-2002,879.0,886.6666870117188,2271,891.6666870117188,886.3333129882812,711.2967529296875
17-04-2002,883.3333129882812,883.6666870117188,1116,900.0,883.3333129882812,708.889404296875
18-04-2002,849.0,880.3333129882812,2064,882.0,861.6666870117188,691.5014038085938
19-04-2002,863.3333129882812,863.3333129882812,1377,883.3333129882812,867.6666870117188,696.3167724609375
22-04-2002,870.6666870117188,873.3333129882812,459,893.3333129882812,885.3333129882812,710.494384765625
23-04-2002,885.6666870117188,885.6666870117188,855,899.6666870117188,898.3333129882812,720.9270629882812
24-04-2002,902.0,906.6666870117188,3267,924.6666870117188,905.0,726.2772216796875
25-04-2002,903.6666870117188,905.0,1944,913.3333129882812,912.6666870117188,732.4299926757812
26-04-2002,910.0,910.0,1644,926.6666870117188,926.6666870117188,745.571044921875
29-04-2002,925.0,936.6666870117188,2325,955.0,955.0,768.3673706054688
30-04-2002,958.3333129882812,958.3333129882812,4629,991.6666870117188,986.6666870117188,793.845703125
01-05-2002,983.3333129882812,995.0,2364,996.6666870117188,994.6666870117188,800.2823486328125
02-05-2002,995.0,995.0,3870,1023.0,1013.3333129882812,815.3009643554688
03-05-2002,1026.6666259765625,1026.6666259765625,7920,1086.6666259765625,1086.6666259765625,874.3029174804688
06-05-2002,1061.6666259765625,1106.6666259765625,10032,1137.6666259765625,1063.3333740234375,855.5296020507812
07-05-2002,1030.6666259765625,1063.3333740234375,3405,1071.6666259765625,1031.6666259765625,830.0513916015625
08-05-2002,1047.6666259765625,1048.3333740234375,1953,1066.3333740234375,1061.0,853.65234375
09-05-2002,1064.3333740234375,1065.0,3591,1086.6666259765625,1080.0,868.9392700195312
10-05-2002,1071.6666259765625,1080.3333740234375,2376,1086.0,1073.6666259765625,863.843505859375
13-05-2002,1083.3333740234375,1086.6666259765625,1317,1095.0,1085.0,872.962158203125
14-05-2002,1059.3333740234375,1090.0,2049,1091.6666259765625,1066.3333740234375,857.9432983398438
15-05-2002,1066.3333740234375,1066.3333740234375,972,1078.3333740234375,1073.0,863.3070678710938
16-05-2002,1040.6666259765625,1072.6666259765625,2796,1072.6666259765625,1047.0,842.3882446289062
17-05-2002,1024.0,1046.6666259765625,3141,1046.6666259765625,1025.0,824.6875
20-05-2002,985.0,1020.0,4713,1020.0,996.0,801.35498046875
21-05-2002,973.3333129882812,996.0,3210,1004.6666870117188,999.6666870117188,804.30517578125
22-05-2002,991.6666870117188,996.6666870117188,1386,1010.0,999.3333129882812,804.0370483398438
23-05-2002,990.3333129882812,999.3333129882812,2274,1019.6666870117188,1013.3333129882812,815.3009643554688
24-05-2002,1003.3333129882812,1013.6666870117188,2148,1020.0,1016.6666870117188,817.982666015625
28-05-2002,961.6666870117188,1010.0,2922,1010.3333129882812,966.3333129882812,777.4860229492188
29-05-2002,923.3333129882812,963.3333129882812,9075,963.3333129882812,950.3333129882812,764.6127319335938
30-05-2002,935.6666870117188,950.0,4359,960.0,952.0,765.9535522460938
31-05-2002,945.0,952.0,2376,956.6666870117188,945.0,760.3217163085938
03-06-2002,946.0,950.0,3770,1044.0,1033.0,831.124267578125
04-06-2002,980.0,1025.0,2388,1030.0,995.5,800.9525756835938
05-06-2002,1000.0,1000.0,3728,1067.5,1055.0,848.8250122070312
06-06-2002,1030.0,1100.0,3838,1102.0,1045.0,840.7791137695312
07-06-2002,1018.5,1047.0,2050,1047.5,1040.0,836.756103515625
10-06-2002,1030.0,1045.0,1358,1050.0,1037.5,834.7445678710938
11-06-2002,1029.5,1038.0,1216,1057.5,1041.5,837.9630126953125
12-06-2002,1020.0,1036.5,1008,1046.5,1035.0,832.7333374023438
13-06-2002,1030.0,1032.5,2652,1074.5,1071.0,861.6978759765625
14-06-2002,1047.5,1077.5,3084,1105.5,1085.5,873.3641967773438
17-06-2002,1110.5,1110.5,4942,1189.0,1178.0,947.7874145507812
18-06-2002,1151.5,1178.0,4614,1209.5,1205.0,969.5105590820312
19-06-2002,1195.0,1200.0,7354,1245.0,1234.5,993.2455444335938
20-06-2002,1247.5,1270.0,6830,1270.0,1260.0,1013.76220703125
21-06-2002,1255.0,1259.5,7198,1287.5,1286.5,1035.083740234375
24-06-2002,1232.5,1286.5,7222,1292.0,1257.5,1011.7509765625
25-06-2002,1052.5,1255.5,13084,1257.5,1115.0,897.0991821289062
26-06-2002,1050.0,1090.0,7972,1155.0,1143.0,919.627197265625
27-06-2002,1067.5,1143.0,7416,1147.0,1099.0,884.225830078125
28-06-2002,1105.0,1105.0,4878,1155.0,1155.0,929.281982421875
01-07-2002,1124.0,1157.5,2402,1157.5,1125.0,905.1447143554688
02-07-2002,1050.5,1125.0,3486,1125.0,1093.5,879.8008422851562
03-07-2002,1031.0,1085.0,1620,1087.0,1050.0,844.8018798828125
05-07-2002,1055.0,1055.0,1818,1087.5,1073.0,863.3070678710938
08-07-2002,1085.5,1085.5,2196,1137.5,1117.0,898.7083129882812
09-07-2002,1117.0,1117.0,1796,1150.0,1118.0,899.5127563476562
10-07-2002,1090.0,1118.0,2270,1139.0,1100.5,885.43310546875
11-07-2002,1060.5,1085.0,2530,1103.5,1100.0,885.0305786132812
12-07-2002,1077.5,1095.0,1344,1095.0,1078.0,867.330078125
15-07-2002,1050.5,1067.5,1832,1084.5,1080.0,868.9392700195312
16-07-2002,1062.5,1080.0,1106,1091.5,1082.5,870.9506225585938
17-07-2002,978.5,1090.0,2534,1102.5,1016.5,817.8487548828125
18-07-2002,940.0,1017.0,2456,1019.0,944.0,759.5170288085938
19-07-2002,885.0,885.0,3362,932.5,925.0,744.2300415039062
22-07-2002,915.0,925.5,3166,986.5,975.0,784.4591064453125
23-07-2002,920.5,1000.0,5522,1020.0,928.0,746.6439208984375
24-07-2002,875.5,915.5,3040,1020.0,1015.0,816.641845703125
25-07-2002,980.0,1014.0,1992,1043.5,987.5,794.5161743164062
26-07-2002,987.5,987.5,1178,1015.5,1012.5,814.6304931640625
29-07-2002,1015.0,1017.5,2330,1066.5,1055.0,851.347412109375
30-07-2002,1000.5,1050.0,5004,1050.5,1010.0,815.03369140625
31-07-2002,1009.0,1010.0,1744,1034.0,1014.0,818.2617797851562
01-08-2002,1013.5,1013.5,1404,1067.5,1063.0,857.8031005859375
02-08-2002,995.0,1060.0,1754,1060.0,995.0,802.9293823242188
05-08-2002,990.0,995.0,1634,1030.0,1003.0,809.3851318359375
06-08-2002,1012.5,1014.5,2194,1055.5,1050.0,847.3125
07-08-2002,1053.0,1062.5,2482,1085.0,1055.5,851.7506103515625
08-08-2002,1047.5,1047.5,4752,1122.5,1112.5,897.7477416992188
09-08-2002,1097.5,1112.5,3104,1140.0,1125.0,907.834716796875
12-08-2002,1121.0,1125.0,3202,1152.5,1143.0,922.3601684570312
13-08-2002,1142.0,1142.0,4504,1172.0,1152.5,930.0263061523438
14-08-2002,1112.0,1150.5,2464,1152.5,1125.0,907.834716796875
15-08-2002,1097.5,1125.0,1700,1134.0,1097.5,885.643310546875
16-08-2002,1090.5,1095.0,1106,1112.5,1101.0,888.4674682617188
19-08-2002,1112.0,1113.5,1712,1155.0,1155.0,932.0435180664062
20-08-2002,1142.5,1155.0,2628,1187.0,1180.0,952.2182006835938
21-08-2002,1142.5,1180.0,4068,1200.0,1195.0,964.3223266601562
22-08-2002,1122.5,1195.0,1864,1195.0,1138.0,918.325439453125
23-08-2002,1111.5,1138.0,2522,1167.5,1161.0,936.8856201171875
26-08-2002,1143.5,1155.0,1330,1163.0,1163.0,938.49951171875
27-08-2002,1147.5,1160.0,840,1164.0,1150.0,928.0088500976562
28-08-2002,1105.5,1145.0,1150,1145.0,1107.5,893.7128295898438
29-08-2002,1060.0,1107.5,1528,1110.0,1107.5,893.7128295898438
30-08-2002,1097.5,1102.5,1958,1147.5,1147.5,925.991455078125
03-09-2002,1125.0,1147.5,2748,1162.5,1157.5,934.061279296875
04-09-2002,1146.5,1152.5,2628,1190.0,1185.0,956.252685546875
05-09-2002,1154.5,1167.5,3100,1237.5,1205.0,972.3917846679688
06-09-2002,1162.5,1230.0,3028,1232.5,1170.0,944.1482543945312
09-09-2002,1150.0,1172.5,9988,1187.5,1172.5,946.1653442382812
10-09-2002,1095.0,1150.0,4844,1152.0,1107.0,893.3094482421875
11-09-2002,1102.5,1125.0,2740,1134.5,1130.0,911.8694458007812
12-09-2002,1052.0,1135.0,3098,1135.0,1057.5,853.3645629882812
13-09-2002,1014.5,1057.5,4128,1057.5,1034.5,834.8045043945312
16-09-2002,1008.5,1039.5,2234,1075.0,1072.5,865.468994140625
17-09-2002,1052.5,1090.0,1986,1092.5,1062.5,857.3995971679688
18-09-2002,1021.0,1065.0,2260,1067.5,1035.0,835.2080688476562
19-09-2002,1000.5,1047.5,1806,1052.5,1002.5,808.981689453125
20-09-2002,974.0,1003.0,2306,1021.5,1007.5,813.016357421875
23-09-2002,962.5,1000.0,1232,1002.5,977.5,788.8074340820312
24-09-2002,963.0,980.0,1350,994.5,965.0,778.7203979492188
25-09-2002,968.0,977.5,1574,990.0,977.5,788.8074340820312
26-09-2002,962.0,977.5,2200,995.0,965.0,778.7203979492188
27-09-2002,957.0,965.0,1386,972.5,965.0,778.7203979492188
30-09-2002,965.0,965.0,2588,1047.5,1035.0,835.2080688476562
01-10-2002,1005.5,1032.5,2260,1042.5,1037.5,837.2252807617188
02-10-2002,1004.5,1035.0,2026,1035.0,1010.0,815.03369140625
03-10-2002,972.5,1007.5,2516,1018.0,980.0,790.8248291015625
04-10-2002,957.0,985.0,1604,987.5,961.5,775.8963012695312
07-10-2002,920.0,956.5,2384,958.5,940.0,758.5465087890625
08-10-2002,921.0,935.0,2190,958.5,952.5,768.6333618164062
09-10-2002,928.0,950.0,1982,960.0,934.0,753.7047119140625
10-10-2002,926.5,932.5,1436,946.5,937.5,756.5289916992188
11-10-2002,955.0,955.0,1556,1012.5,997.5,804.94677734375
14-10-2002,988.5,996.0,562,1020.5,1004.0,810.1919555664062
15-10-2002,1012.5,1012.5,1316,1055.0,1055.0,851.347412109375
16-10-2002,1017.5,1045.0,1186,1049.0,1017.5,821.0861206054688
17-10-2002,1030.0,1030.0,1252,1065.0,1040.0,839.24267578125
18-10-2002,1040.0,1040.0,832,1052.0,1049.0,846.5054321289062
21-10-2002,1015.5,1042.5,1372,1045.0,1030.5,831.5765380859375
22-10-2002,977.5,1030.5,1922,1031.0,978.0,789.2110595703125
23-10-2002,952.0,970.0,1692,975.0,962.5,776.7029418945312
24-10-2002,972.5,972.5,1578,1004.5,1002.5,808.981689453125
25-10-2002,970.0,992.5,1324,994.5,977.5,788.8074340820312
28-10-2002,922.5,977.5,1680,979.5,932.5,752.4940185546875
29-10-2002,872.5,932.5,3374,932.5,897.5,724.2504272460938
30-10-2002,884.5,912.5,5234,970.0,950.0,766.615966796875
31-10-2002,962.5,962.5,1974,994.0,962.5,776.7029418945312
01-11-2002,942.5,960.0,2156,983.0,981.0,791.6318359375
04-11-2002,973.0,993.5,1546,1012.5,992.5,800.9119262695312
05-11-2002,963.0,986.5,1540,994.0,970.0,782.7553100585938
06-11-2002,931.5,976.5,2424,987.5,953.5,769.4403686523438
07-11-2002,900.0,952.0,1014,952.0,902.5,728.28515625
08-11-2002,885.5,900.0,4064,910.0,907.5,732.320068359375
11-11-2002,876.0,907.5,1746,912.5,876.0,706.9005737304688
12-11-2002,836.0,865.0,4354,871.0,847.5,683.9022827148438
13-11-2002,851.5,851.5,1416,899.5,899.5,728.4429321289062
14-11-2002,908.5,920.0,1496,923.5,923.5,747.878662109375
15-11-2002,915.0,918.5,946,938.5,933.5,755.97705078125
18-11-2002,850.0,930.0,2504,930.0,867.5,702.5282592773438
19-11-2002,867.5,867.5,1994,896.0,884.0,715.8905029296875
20-11-2002,885.0,889.0,1720,922.5,922.5,747.0689697265625
21-11-2002,925.0,925.0,2034,967.0,957.5,775.4132690429688
22-11-2002,957.5,960.5,1708,980.0,972.5,787.5604858398438
25-11-2002,975.0,977.5,2764,996.5,989.0,800.9227905273438
26-11-2002,949.5,988.0,1414,997.0,949.5,768.934326171875
27-11-2002,941.0,960.0,2370,990.0,957.0,775.008056640625
29-11-2002,912.5,959.5,1366,959.5,912.5,738.9708251953125
02-12-2002,905.0,925.0,2318,931.0,912.5,738.9708251953125
03-12-2002,900.0,912.5,1212,917.5,900.0,728.8475341796875
04-12-2002,893.5,907.5,2224,934.0,905.5,733.3018188476562
05-12-2002,885.0,912.0,1556,915.0,892.5,722.7739868164062
06-12-2002,891.0,893.0,1610,906.0,902.0,730.4674682617188
09-12-2002,893.5,907.5,1068,909.5,893.5,723.5838012695312
10-12-2002,893.5,893.5,2122,924.5,923.5,747.878662109375
11-12-2002,923.5,923.5,2060,966.0,952.5,771.3638305664062
12-12-2002,954.5,960.0,1612,985.0,980.0,793.6341552734375
13-12-2002,950.0,980.0,2122,980.0,952.5,771.3638305664062
16-12-2002,960.0,960.0,1464,977.5,970.0,785.5359497070312
17-12-2002,970.0,970.0,3396,1017.0,1014.0,821.1685791015625
18-12-2002,980.0,1005.0,1346,1005.0,982.0,795.253662109375
19-12-2002,984.5,990.0,1714,1007.0,995.0,805.7816772460938
20-12-2002,1006.0,1007.5,3410,1035.0,1024.0,829.2667846679688
23-12-2002,1030.0,1042.5,3160,1049.0,1030.0,834.1259155273438
24-12-2002,1020.0,1030.0,496,1037.0,1027.0,831.6963500976562
26-12-2002,1020.0,1029.5,416,1038.5,1022.5,828.0518798828125
27-12-2002,1023.0,1023.0,13144,1097.5,1082.5,880.9496459960938
30-12-2002,1070.5,1092.5,31858,1097.5,1097.5,893.1570434570312
31-12-2002,1080.0,1091.5,9412,1095.0,1080.0,878.915283203125
02-01-2003,1062.5,1077.5,4402,1121.5,1110.0,903.3294677734375
03-01-2003,1092.5,1109.5,3116,1113.0,1100.0,895.19140625
06-01-2003,1100.0,1109.0,3180,1114.5,1105.0,899.2605590820312
07-01-2003,1084.5,1105.0,2882,1119.0,1102.5,897.225830078125
08-01-2003,1080.0,1092.5,2482,1110.5,1100.5,895.5982666015625
09-01-2003,1105.0,1105.0,2574,1131.0,1127.5,917.5712890625
10-01-2003,1111.0,1125.0,1688,1133.5,1111.0,904.1434326171875
13-01-2003,1125.0,1125.0,4052,1147.0,1134.0,922.8609619140625
14-01-2003,1088.5,1135.0,3166,1135.0,1115.0,907.3984985351562
15-01-2003,1103.5,1122.5,1408,1124.5,1121.5,912.6881713867188
16-01-2003,1119.0,1125.0,1608,1140.5,1140.5,928.1509399414062
17-01-2003,1132.5,1141.5,5398,1187.0,1160.0,944.02001953125
21-01-2003,1153.5,1167.5,3440,1187.0,1171.5,953.3786010742188
22-01-2003,1132.5,1184.0,2834,1187.5,1148.0,934.2542114257812
23-01-2003,1131.0,1148.0,3238,1177.5,1157.5,941.9854125976562
24-01-2003,1141.5,1158.0,1914,1166.5,1146.0,932.6266479492188
27-01-2003,1127.5,1145.0,2304,1155.0,1132.5,921.6404418945312
28-01-2003,1135.5,1140.5,2060,1151.5,1142.5,929.7782592773438
29-01-2003,1115.0,1143.0,3130,1175.0,1175.0,956.2269897460938
30-01-2003,1157.5,1175.0,3250,1177.5,1160.5,944.42724609375
31-01-2003,1151.0,1160.5,2394,1170.0,1154.0,939.1373291015625
03-02-2003,1129.5,1164.0,4098,1172.5,1136.5,924.8953857421875
04-02-2003,1137.0,1140.0,3862,1210.5,1200.0,976.5724487304688
05-02-2003,1180.0,1200.0,4046,1207.5,1185.0,964.3652954101562
06-02-2003,1175.0,1180.0,1288,1186.0,1181.5,961.5169677734375
07-02-2003,1162.5,1184.0,2070,1187.5,1172.0,953.7858276367188
10-02-2003,1169.5,1172.5,2530,1200.0,1192.5,970.4688110351562
11-02-2003,1190.0,1197.5,2548,1202.5,1196.5,973.7242431640625
12-02-2003,1176.0,1197.0,1378,1204.0,1177.5,958.2617797851562
13-02-2003,1167.5,1172.5,1820,1195.0,1192.5,970.4688110351562
14-02-2003,1172.5,1187.5,1938,1192.5,1187.5,966.3997192382812
18-02-2003,1182.5,1182.5,1718,1192.5,1188.5,967.2138061523438
19-02-2003,1185.0,1187.5,2058,1231.5,1223.0,995.2901611328125
20-02-2003,1214.0,1222.5,2638,1227.5,1220.0,992.8485717773438
21-02-2003,1215.5,1220.0,3908,1254.5,1246.5,1014.4150390625
24-02-2003,1210.0,1246.5,2628,1257.5,1212.5,986.7451782226562
25-02-2003,1215.0,1215.0,1806,1235.0,1220.0,992.8485717773438
26-02-2003,1201.5,1220.0,1144,1226.0,1216.0,989.5934448242188
27-02-2003,1207.5,1228.5,2194,1239.5,1224.0,996.1039428710938
28-02-2003,1206.0,1224.0,2094,1245.0,1212.5,986.7451782226562
03-03-2003,1201.5,1217.5,1960,1229.5,1216.0,989.5934448242188
04-03-2003,1197.5,1210.0,2742,1225.0,1202.5,978.6069946289062
05-03-2003,1200.5,1204.0,2260,1248.5,1243.0,1011.56640625
06-03-2003,1218.5,1237.5,1770,1237.5,1223.5,995.6972045898438
07-03-2003,1205.0,1215.0,1462,1237.5,1223.0,995.2901611328125
10-03-2003,1200.0,1227.5,1638,1227.5,1212.5,986.7451782226562
11-03-2003,1213.0,1220.0,4082,1250.0,1222.5,994.8831176757812
12-03-2003,1200.5,1227.5,1774,1230.5,1219.5,992.441650390625
13-03-2003,1220.0,1227.5,2436,1250.0,1248.5,1016.042236328125
14-03-2003,1220.0,1250.0,1930,1257.5,1220.0,992.8485717773438
17-03-2003,1212.5,1212.5,1822,1249.0,1232.5,1003.0216064453125
18-03-2003,1210.0,1245.0,1876,1245.0,1215.5,989.1865844726562
19-03-2003,1223.0,1228.0,2384,1277.5,1257.0,1022.9596557617188
20-03-2003,1228.0,1257.0,1268,1260.0,1257.0,1022.9596557617188
21-03-2003,1245.5,1257.0,1844,1285.0,1282.0,1043.3046875
24-03-2003,1254.0,1282.0,1602,1285.0,1270.0,1033.538818359375
25-03-2003,1275.0,1275.0,2874,1320.0,1316.0,1070.974365234375
26-03-2003,1292.0,1316.0,2046,1316.0,1300.0,1057.95361328125
27-03-2003,1285.5,1292.5,858,1320.0,1314.0,1073.4755859375
28-03-2003,1304.0,1310.0,986,1337.5,1337.5,1092.674072265625
31-03-2003,1306.0,1335.0,2110,1345.0,1318.5,1077.1517333984375
01-04-2003,1316.5,1333.5,1426,1333.5,1322.5,1080.4197998046875
02-04-2003,1325.5,1333.0,3090,1405.0,1376.0,1124.126708984375
03-04-2003,1342.0,1387.5,1712,1387.5,1360.0,1111.0555419921875
04-04-2003,1344.0,1367.5,2102,1385.0,1354.0,1106.154052734375
07-04-2003,1367.5,1367.5,1548,1388.0,1374.5,1122.9012451171875
08-04-2003,1357.5,1374.5,1566,1382.5,1372.5,1121.2674560546875
09-04-2003,1377.5,1380.0,1828,1412.5,1390.0,1135.5638427734375
10-04-2003,1390.0,1390.0,1720,1432.5,1420.0,1160.0728759765625
11-04-2003,1402.5,1425.0,2762,1425.0,1403.5,1146.593017578125
14-04-2003,1411.0,1422.5,2342,1448.0,1435.0,1172.3267822265625
15-04-2003,1431.5,1435.0,1510,1467.5,1451.5,1185.806640625
16-04-2003,1450.0,1455.0,1866,1469.0,1459.0,1191.9337158203125
17-04-2003,1450.0,1465.0,2636,1500.0,1494.5,1220.9354248046875
21-04-2003,1494.5,1515.0,2138,1523.5,1501.0,1226.24560546875
22-04-2003,1493.0,1502.5,2094,1524.0,1507.5,1231.5557861328125
23-04-2003,1519.0,1547.5,4040,1580.0,1572.5,1284.6575927734375
24-04-2003,1555.5,1573.0,3676,1592.5,1559.0,1273.629150390625
25-04-2003,1527.5,1559.5,3900,1560.0,1534.0,1253.205322265625
28-04-2003,1558.5,1562.5,3976,1625.0,1617.5,1321.4208984375
29-04-2003,1642.5,1642.5,5532,1686.0,1647.0,1345.52099609375
30-04-2003,1647.5,1652.0,3044,1688.0,1655.0,1352.0565185546875
01-05-2003,1637.5,1654.0,2548,1662.5,1650.0,1347.9718017578125
02-05-2003,1655.0,1655.0,3002,1695.0,1695.0,1384.7342529296875
05-05-2003,1705.0,1717.5,3832,1757.5,1731.5,1414.5533447265625
06-05-2003,1752.5,1762.5,5060,1795.0,1781.0,1454.99267578125
07-05-2003,1781.5,1791.0,4698,1847.5,1840.0,1503.192626953125
08-05-2003,1804.5,1850.0,4720,1871.0,1808.5,1477.4586181640625
09-05-2003,1813.0,1821.0,3364,1855.0,1827.5,1492.980712890625
12-05-2003,1820.0,1842.5,2940,1853.0,1827.5,1492.980712890625
13-05-2003,1792.5,1828.0,4592,1850.0,1805.0,1474.59912109375
14-05-2003,1767.5,1807.5,3744,1812.5,1805.0,1474.59912109375
15-05-2003,1801.0,1805.5,2366,1827.0,1824.5,1490.5299072265625
16-05-2003,1725.0,1826.0,6149,1850.0,1725.0,1409.2430419921875
19-05-2003,1710.0,1735.0,6959,1824.0,1790.0,1462.3453369140625
20-05-2003,1823.0,1825.0,6407,1907.0,1900.0,1552.2099609375
21-05-2003,1830.0,1900.0,3215,1900.0,1854.0,1514.630126953125
22-05-2003,1815.0,1851.0,2928,1878.0,1850.0,1511.3619384765625
23-05-2003,1814.0,1830.0,2654,1880.0,1871.0,1528.5177001953125
27-05-2003,1810.0,1835.0,3947,1868.0,1860.0,1519.5313720703125
28-05-2003,1862.0,1866.0,2022,1915.0,1902.0,1553.8436279296875
29-05-2003,1880.0,1880.0,2731,1944.0,1923.0,1570.9996337890625
30-05-2003,1935.0,1943.0,3474,1980.0,1980.0,1617.56591796875
02-06-2003,2050.0,2070.0,5979,2137.0,2100.0,1715.6004638671875
03-06-2003,2109.0,2110.0,4801,2180.0,2167.0,1770.3363037109375
04-06-2003,2187.0,2187.0,5594,2275.0,2256.0,1843.0450439453125
05-06-2003,2250.0,2265.0,5611,2313.0,2258.0,1844.6788330078125
06-06-2003,2050.0,2270.0,12960,2290.0,2077.0,1696.810546875
09-06-2003,1950.0,2080.0,6753,2085.0,2060.0,1682.92236328125
10-06-2003,2065.0,2065.0,3920,2175.0,2127.0,1737.6585693359375
11-06-2003,2128.0,2160.0,3481,2244.0,2240.0,1838.61767578125
12-06-2003,2200.0,2260.0,3184,2275.0,2209.0,1813.1724853515625
13-06-2003,2185.0,2221.0,1816,2250.0,2209.0,1813.1724853515625
16-06-2003,2234.0,2235.0,3495,2330.0,2330.0,1912.49072265625
17-06-2003,2308.0,2349.0,2670,2385.0,2340.0,1920.698974609375
18-06-2003,2265.0,2275.0,2547,2320.0,2315.0,1900.1785888671875
19-06-2003,2166.0,2314.0,8155,2315.0,2275.0,1867.3463134765625
20-06-2003,2235.0,2250.0,7767,2317.0,2317.0,1901.8203125
23-06-2003,2214.0,2335.0,5010,2335.0,2285.0,1875.5545654296875
24-06-2003,2220.0,2280.0,4200,2316.0,2316.0,1900.9990234375
25-06-2003,2316.0,2316.0,5641,2400.0,2391.0,1962.560302734375
26-06-2003,2392.0,2410.0,6429,2440.0,2435.0,1998.6756591796875
27-06-2003,2435.0,2435.0,3377,2494.0,2471.0,2028.2254638671875
30-06-2003,2375.0,2375.0,5758,2447.0,2445.0,2006.884033203125
01-07-2003,2415.0,2446.0,4213,2528.0,2506.0,2056.95361328125
02-07-2003,2486.0,2526.0,3189,2550.0,2550.0,2093.06884765625
03-07-2003,2510.0,2550.0,3732,2645.0,2641.0,2167.76318359375
07-07-2003,2502.0,2641.0,9150,2641.0,2555.0,2097.173095703125
08-07-2003,2425.0,2555.0,12760,2555.0,2443.0,2005.2432861328125
09-07-2003,2185.0,2444.0,23002,2444.0,2275.0,1867.3463134765625
10-07-2003,2220.0,2275.0,9419,2302.0,2300.0,1887.8671875
11-07-2003,2257.0,2300.0,7538,2394.0,2290.0,1879.658447265625
14-07-2003,2280.0,2300.0,13110,2363.0,2359.0,1936.294189453125
15-07-2003,2254.0,2360.0,15813,2394.0,2290.0,1879.658447265625
16-07-2003,2155.0,2345.0,12970,2345.0,2193.0,1800.0396728515625
17-07-2003,2100.0,2150.0,10776,2193.0,2150.0,1764.7442626953125
18-07-2003,1930.0,2150.0,22547,2160.0,2151.0,1765.5653076171875
21-07-2003,2090.0,2152.0,7757,2180.0,2119.0,1739.299560546875
22-07-2003,2120.0,2134.0,5984,2215.0,2182.0,1791.0106201171875
23-07-2003,2125.0,2228.0,6296,2228.0,2173.0,1783.623779296875
24-07-2003,2110.0,2173.0,5796,2200.0,2110.0,1731.912353515625
25-07-2003,2020.0,2065.0,6388,2148.0,2125.0,1744.2247314453125
28-07-2003,2095.0,2105.0,5835,2139.0,2105.0,1727.8082275390625
29-07-2003,2106.0,2106.0,4860,2139.0,2110.0,1731.912353515625
30-07-2003,1974.0,2110.0,12656,2111.0,2080.0,1707.2877197265625
31-07-2003,1980.0,2070.0,8884,2070.0,1981.0,1626.0277099609375
01-08-2003,1871.0,1922.0,13132,2021.0,1966.0,1613.71533203125
04-08-2003,1875.0,1916.0,6434,1966.0,1956.0,1605.5074462890625
05-08-2003,1935.0,1956.0,6656,1994.0,1935.0,1588.270263671875
06-08-2003,1925.0,1950.0,4728,2000.0,2000.0,1641.6231689453125
07-08-2003,1940.0,1980.0,3870,2000.0,1948.0,1598.9407958984375
08-08-2003,1941.0,1941.0,3580,2010.0,1994.0,1636.6981201171875
11-08-2003,1984.0,2000.0,4096,2035.0,2018.0,1656.3974609375
12-08-2003,1980.0,2000.0,3222,2015.0,1981.0,1626.0277099609375
13-08-2003,1925.0,1990.0,6125,1990.0,1953.0,1603.0450439453125
14-08-2003,1900.0,1940.0,5128,1949.0,1914.0,1571.0333251953125
15-08-2003,1922.0,1934.0,772,1948.0,1940.0,1592.3746337890625
18-08-2003,1921.0,1940.0,3109,2000.0,1995.0,1637.51904296875
19-08-2003,1975.0,1997.0,4615,2000.0,1988.0,1631.773193359375
20-08-2003,1962.0,1975.0,4848,2047.0,1998.0,1639.9815673828125
21-08-2003,1982.0,2023.0,2383,2040.0,2000.0,1641.6231689453125
22-08-2003,1928.0,2000.0,4818,2011.0,1938.0,1590.7327880859375
25-08-2003,1931.0,1931.0,2007,1975.0,1950.0,1600.58251953125
26-08-2003,1935.0,1950.0,3086,1983.0,1982.0,1626.8486328125
27-08-2003,1931.0,1982.0,2321,1982.0,1931.0,1584.9873046875
28-08-2003,1931.0,1931.0,4469,2003.0,2000.0,1641.6231689453125
29-08-2003,1952.0,2000.0,1888,2000.0,1953.0,1603.0450439453125
02-09-2003,1951.0,1951.0,4420,1982.0,1965.0,1612.89453125
03-09-2003,1965.0,1970.0,4961,2009.0,1990.0,1633.414794921875
04-09-2003,1998.0,2000.0,8208,2101.0,2087.0,1713.03369140625
05-09-2003,2080.0,2087.0,12490,2251.0,2163.0,1775.4151611328125
08-09-2003,2175.0,2175.0,6735,2218.0,2187.0,1795.11474609375
09-09-2003,2069.0,2185.0,11777,2200.0,2071.0,1699.9005126953125
10-09-2003,1959.0,2040.0,11051,2040.0,1975.0,1621.1029052734375
11-09-2003,1962.0,1965.0,6833,2019.0,1999.0,1653.359375
12-09-2003,1997.0,2016.0,5355,2085.0,2070.0,1712.082763671875
15-09-2003,2052.0,2075.0,3967,2100.0,2063.0,1706.2930908203125
16-09-2003,2075.0,2078.0,4505,2115.0,2093.0,1731.1063232421875
17-09-2003,2050.0,2093.0,6404,2097.0,2068.0,1710.4287109375
18-09-2003,2110.0,2114.0,8644,2191.0,2167.0,1792.3111572265625
19-09-2003,2105.0,2170.0,5759,2188.0,2150.0,1778.25
22-09-2003,2105.0,2130.0,1945,2135.0,2130.0,1761.708740234375
23-09-2003,2075.0,2105.0,2649,2125.0,2120.0,1753.437744140625
24-09-2003,2102.0,2129.0,2268,2137.0,2105.0,1741.031494140625
25-09-2003,2072.0,2115.0,2395,2125.0,2075.0,1716.2183837890625
26-09-2003,2035.0,2065.0,3864,2077.0,2075.0,1716.2183837890625
29-09-2003,2095.0,2135.0,9100,2220.0,2215.0,1832.011962890625
30-09-2003,2185.0,2216.0,15939,2350.0,2295.0,1898.1788330078125
01-10-2003,2230.0,2298.0,9988,2350.0,2245.0,1856.8243408203125
02-10-2003,2249.0,2250.0,6161,2285.0,2262.0,1870.8846435546875
03-10-2003,2233.0,2295.0,3735,2298.0,2245.0,1856.8243408203125
06-10-2003,2247.0,2248.0,3775,2297.0,2295.0,1898.1788330078125
07-10-2003,2255.0,2295.0,3624,2298.0,2273.0,1879.98291015625
08-10-2003,2275.0,2275.0,2248,2294.0,2275.0,1881.637451171875
09-10-2003,2214.0,2280.0,6100,2360.0,2241.0,1853.51513671875
10-10-2003,2241.0,2248.0,2293,2280.0,2272.0,1879.1556396484375
13-10-2003,2220.0,2261.0,3839,2270.0,2262.0,1870.8846435546875
14-10-2003,2236.0,2262.0,2929,2268.0,2264.0,1872.53955078125
15-10-2003,2198.0,2268.0,3566,2268.0,2198.0,1817.951171875
16-10-2003,2100.0,2185.0,2543,2250.0,2237.0,1850.207275390625
17-10-2003,2187.0,2237.0,2365,2237.0,2200.0,1819.60498046875
20-10-2003,2151.0,2195.0,3957,2220.0,2195.0,1815.4697265625
21-10-2003,2135.0,2190.0,4038,2190.0,2155.0,1782.3861083984375
22-10-2003,2054.0,2155.0,4108,2165.0,2125.0,1757.5731201171875
23-10-2003,2129.0,2129.0,5670,2249.0,2241.0,1853.51513671875
24-10-2003,2176.0,2210.0,3261,2237.0,2176.0,1799.7548828125
27-10-2003,2225.0,2230.0,4697,2264.0,2236.0,1849.3802490234375
28-10-2003,2232.0,2261.0,4187,2279.0,2263.0,1871.7119140625
29-10-2003,2234.0,2253.0,3586,2277.0,2235.0,1848.552978515625
30-10-2003,2236.0,2260.0,2699,2295.0,2265.0,1873.3668212890625
31-10-2003,2230.0,2270.0,1863,2288.0,2230.0,1844.41796875
03-11-2003,2267.0,2269.0,9161,2449.0,2444.0,2021.4158935546875
04-11-2003,2460.0,2480.0,8513,2526.0,2480.0,2051.19140625
05-11-2003,2356.0,2480.0,7746,2489.0,2408.0,1991.6409912109375
06-11-2003,2354.0,2391.0,5306,2396.0,2365.0,1956.0755615234375
07-11-2003,2370.0,2400.0,4111,2419.0,2370.0,1960.2108154296875
10-11-2003,2292.0,2385.0,4834,2398.0,2307.0,1908.103759765625
11-11-2003,2199.0,2298.0,6796,2298.0,2210.0,1827.8758544921875
12-11-2003,2175.0,2202.0,7500,2251.0,2229.0,1843.5906982421875
13-11-2003,2212.0,2235.0,2794,2241.0,2219.0,1835.3199462890625
14-11-2003,2175.0,2226.0,2485,2233.0,2183.0,1805.54443359375
17-11-2003,2070.0,2163.0,4539,2167.0,2132.0,1763.3629150390625
18-11-2003,2130.0,2133.0,4703,2237.0,2173.0,1797.2738037109375
19-11-2003,2100.0,2170.0,4723,2172.0,2165.0,1790.6571044921875
20-11-2003,2113.0,2140.0,3852,2141.0,2133.0,1764.1898193359375
21-11-2003,2128.0,2140.0,3022,2165.0,2145.0,1774.1148681640625
24-11-2003,2155.0,2170.0,3028,2201.0,2191.0,1812.1614990234375
25-11-2003,2201.0,2217.0,3058,2230.0,2230.0,1844.41796875
26-11-2003,2240.0,2255.0,3375,2296.0,2280.0,1885.7725830078125
28-11-2003,2209.0,2285.0,2282,2285.0,2213.0,1830.357421875
01-12-2003,2237.0,2310.0,10782,2381.0,2322.0,1920.5103759765625
02-12-2003,2271.0,2300.0,5434,2312.0,2292.0,1895.6976318359375
03-12-2003,2298.0,2350.0,5590,2359.0,2300.0,1902.3148193359375
04-12-2003,2252.0,2290.0,3750,2300.0,2277.0,1883.2913818359375
05-12-2003,2266.0,2290.0,3244,2301.0,2301.0,1903.141357421875
08-12-2003,2276.0,2296.0,3647,2350.0,2322.0,1920.5103759765625
09-12-2003,2189.0,2300.0,9321,2301.0,2198.0,1817.951171875
10-12-2003,2090.0,2197.0,5702,2197.0,2105.0,1741.031494140625
11-12-2003,2092.0,2095.0,7274,2178.0,2175.0,1811.838623046875
12-12-2003,2168.0,2170.0,7194,2251.0,2250.0,1874.31591796875
15-12-2003,2100.0,2255.0,8256,2258.0,2101.0,1750.195068359375
16-12-2003,2112.0,2150.0,4537,2165.0,2145.0,1786.8477783203125
17-12-2003,2147.0,2200.0,3214,2200.0,2157.0,1796.844482421875
18-12-2003,2105.0,2157.0,3828,2170.0,2164.0,1802.6754150390625
19-12-2003,2115.0,2164.0,6874,2179.0,2175.0,1811.838623046875
22-12-2003,2125.0,2160.0,3789,2185.0,2163.0,1801.8424072265625
23-12-2003,2160.0,2160.0,2430,2185.0,2178.0,1814.3382568359375
24-12-2003,2135.0,2168.0,1440,2168.0,2144.0,1786.0147705078125
26-12-2003,2120.0,2134.0,1063,2147.0,2139.0,1781.849609375
29-12-2003,2134.0,2135.0,3400,2171.0,2160.0,1799.3431396484375
30-12-2003,2156.0,2160.0,3212,2200.0,2194.0,1827.666748046875
31-12-2003,2142.0,2190.0,3694,2190.0,2142.0,1784.348876953125
02-01-2004,2105.0,2167.0,2603,2170.0,2122.0,1767.688232421875
05-01-2004,2047.0,2097.0,9082,2122.0,2102.0,1751.027587890625
06-01-2004,2100.0,2100.0,6593,2142.0,2125.0,1770.1873779296875
07-01-2004,2080.0,2140.0,4521,2149.0,2101.0,1750.195068359375
08-01-2004,2060.0,2100.0,5471,2117.0,2075.0,1728.535888671875
09-01-2004,2073.0,2073.0,4725,2113.0,2084.0,1736.0333251953125
12-01-2004,2070.0,2084.0,5356,2132.0,2132.0,1776.018798828125
13-01-2004,2072.0,2155.0,6951,2159.0,2112.0,1759.3580322265625
14-01-2004,2115.0,2117.0,7214,2220.0,2220.0,1849.3250732421875
15-01-2004,2210.0,2230.0,5849,2277.0,2235.0,1861.8206787109375
16-01-2004,2233.0,2236.0,5414,2275.0,2250.0,1874.31591796875
20-01-2004,2180.0,2250.0,14191,2369.0,2320.0,1932.6282958984375
21-01-2004,2265.0,2325.0,10070,2370.0,2357.0,1963.4501953125
22-01-2004,2355.0,2357.0,9815,2495.0,2408.0,2005.935302734375
23-01-2004,2407.0,2433.0,6106,2485.0,2450.0,2040.9215087890625
26-01-2004,2351.0,2450.0,5795,2450.0,2426.0,2020.929443359375
27-01-2004,2362.0,2403.0,4913,2404.0,2380.0,1982.6092529296875
28-01-2004,2276.0,2405.0,5900,2410.0,2277.0,1896.8072509765625
29-01-2004,2226.0,2285.0,4551,2300.0,2250.0,1874.31591796875
30-01-2004,2252.0,2260.0,3942,2325.0,2318.0,1930.9617919921875
02-02-2004,2277.0,2324.0,3920,2324.0,2280.0,1899.306884765625
03-02-2004,2070.0,2070.0,8891,2280.0,2236.0,1862.6533203125
04-02-2004,2188.0,2190.0,6343,2240.0,2200.0,1832.6641845703125
05-02-2004,2190.0,2215.0,3040,2240.0,2205.0,1836.82958984375
06-02-2004,2223.0,2230.0,5563,2327.0,2302.0,1917.6334228515625
09-02-2004,2279.0,2300.0,4093,2324.0,2279.0,1898.474365234375
10-02-2004,2240.0,2280.0,5159,2295.0,2270.0,1890.976318359375
11-02-2004,2285.0,2285.0,4178,2360.0,2360.0,1965.949462890625
12-02-2004,2317.0,2350.0,2834,2362.0,2322.0,1934.2939453125
13-02-2004,2340.0,2342.0,4907,2410.0,2377.0,1980.1104736328125
17-02-2004,2351.0,2430.0,4203,2437.0,2355.0,1961.7840576171875
18-02-2004,2375.0,2450.0,9248,2517.0,2490.0,2074.243408203125
19-02-2004,2405.0,2480.0,6460,2488.0,2432.0,2025.927734375
20-02-2004,2368.0,2436.0,2683,2440.0,2368.0,1972.613525390625
23-02-2004,2350.0,2350.0,6886,2455.0,2442.0,2034.2574462890625
24-02-2004,2420.0,2443.0,4542,2484.0,2443.0,2035.0904541015625
25-02-2004,2431.0,2440.0,4992,2478.0,2466.0,2054.250732421875
26-02-2004,2460.0,2490.0,4193,2496.0,2481.0,2066.745849609375
27-02-2004,2481.0,2499.0,9374,2647.0,2585.0,2153.380615234375
01-03-2004,2566.0,2585.0,3355,2625.0,2585.0,2153.380615234375
02-03-2004,2495.0,2595.0,7533,2601.0,2507.0,2088.404296875
03-03-2004,2501.0,2515.0,3802,2548.0,2541.0,2116.72705078125
04-03-2004,2508.0,2545.0,2448,2548.0,2533.0,2110.06396484375
05-03-2004,2542.0,2542.0,9079,2811.0,2665.0,2220.02294921875
08-03-2004,2695.0,2695.0,8015,2795.0,2755.0,2294.995849609375
09-03-2004,2665.0,2755.0,3145,2767.0,2685.0,2236.68359375
10-03-2004,2671.0,2700.0,4446,2767.0,2695.0,2245.0146484375
11-03-2004,2651.0,2671.0,4108,2715.0,2657.0,2234.0830078125
12-03-2004,2625.0,2632.0,3628,2697.0,2685.0,2257.626708984375
15-03-2004,2642.0,2695.0,2601,2696.0,2645.0,2223.99365234375
16-03-2004,2626.0,2645.0,2618,2662.0,2645.0,2223.99365234375
17-03-2004,2621.0,2660.0,2567,2675.0,2634.0,2214.74365234375
18-03-2004,2623.0,2630.0,3656,2669.0,2641.0,2220.6298828125
19-03-2004,2613.0,2666.0,2464,2668.0,2620.0,2202.972900390625
22-03-2004,2541.0,2600.0,2728,2600.0,2541.0,2136.546630859375
23-03-2004,2550.0,2566.0,2016,2606.0,2578.0,2167.657470703125
24-03-2004,2514.0,2595.0,3769,2610.0,2525.0,2123.094482421875
25-03-2004,2525.0,2545.0,3451,2585.0,2563.0,2155.044921875
26-03-2004,2542.0,2588.0,2532,2599.0,2562.0,2154.204833984375
29-03-2004,2530.0,2555.0,3935,2572.0,2560.0,2152.52294921875
30-03-2004,2535.0,2550.0,2352,2580.0,2535.0,2131.5029296875
31-03-2004,2533.0,2555.0,1885,2593.0,2565.0,2156.7275390625
01-04-2004,2535.0,2562.0,3258,2617.0,2559.0,2151.681640625
02-04-2004,2359.0,2559.0,12190,2559.0,2403.0,2020.5123291015625
05-04-2004,2334.0,2428.0,7531,2435.0,2375.0,1996.9697265625
06-04-2004,2370.0,2375.0,2178,2429.0,2397.0,2015.466796875
07-04-2004,2378.0,2430.0,4668,2440.0,2400.0,2017.9901123046875
08-04-2004,2386.0,2445.0,1675,2455.0,2391.0,2010.4234619140625
12-04-2004,2285.0,2400.0,6133,2437.0,2304.0,1937.2708740234375
13-04-2004,2250.0,2320.0,6320,2335.0,2315.0,1946.5191650390625
14-04-2004,2201.0,2275.0,6089,2275.0,2243.0,1885.9801025390625
15-04-2004,2163.0,2240.0,5943,2255.0,2225.0,1870.8450927734375
16-04-2004,2233.0,2270.0,5911,2308.0,2280.0,1917.0906982421875
19-04-2004,2225.0,2280.0,3824,2300.0,2290.0,1925.4991455078125
20-04-2004,2218.0,2260.0,4225,2290.0,2218.0,1864.958984375
21-04-2004,2060.0,2185.0,12712,2199.0,2180.0,1833.0079345703125
22-04-2004,2145.0,2180.0,4542,2223.0,2222.0,1868.322509765625
23-04-2004,2148.0,2217.0,3605,2225.0,2153.0,1810.3055419921875
26-04-2004,2127.0,2153.0,4447,2180.0,2143.0,1801.89697265625
27-04-2004,2130.0,2137.0,4091,2153.0,2141.0,1800.2149658203125
28-04-2004,2085.0,2150.0,3560,2150.0,2085.0,1753.12890625
29-04-2004,2073.0,2085.0,3742,2142.0,2111.0,1774.9906005859375
30-04-2004,2034.0,2129.0,6306,2129.0,2043.0,1717.8140869140625
03-05-2004,2029.0,2068.0,6203,2093.0,2080.0,1748.9246826171875
04-05-2004,2040.0,2071.0,6791,2076.0,2057.0,1729.5855712890625
05-05-2004,2075.0,2077.0,3746,2135.0,2089.0,1756.4921875
06-05-2004,2050.0,2095.0,2860,2100.0,2055.0,1727.904296875
07-05-2004,1948.0,2045.0,7561,2070.0,1948.0,1637.9351806640625
10-05-2004,1871.0,1892.0,12621,1937.0,1898.0,1595.893798828125
11-05-2004,1910.0,1923.0,6092,1953.0,1950.0,1639.6170654296875
12-05-2004,1915.0,1956.0,4482,1977.0,1976.0,1661.4786376953125
13-05-2004,1951.0,1951.0,5633,2022.0,1994.0,1676.613525390625
14-05-2004,1985.0,2010.0,2889,2014.0,1990.0,1673.25
17-05-2004,1925.0,1985.0,4277,1985.0,1955.0,1643.821044921875
18-05-2004,1976.0,1984.0,4861,2005.0,2001.0,1682.4993896484375
19-05-2004,1956.0,2001.0,4481,2008.0,1970.0,1656.433837890625
20-05-2004,1961.0,1968.0,5002,2005.0,1994.0,1676.613525390625
21-05-2004,1995.0,2005.0,3714,2046.0,2028.0,1705.201904296875
24-05-2004,1982.0,2050.0,3532,2062.0,2036.0,1711.92822265625
25-05-2004,2036.0,2044.0,5573,2138.0,2138.0,1797.6932373046875
26-05-2004,2113.0,2125.0,5362,2171.0,2165.0,1820.395263671875
27-05-2004,2143.0,2175.0,2818,2200.0,2160.0,1816.1910400390625
28-05-2004,2138.0,2160.0,1791,2190.0,2156.0,1812.82763671875
01-06-2004,2107.0,2166.0,3130,2181.0,2120.0,1782.5579833984375
02-06-2004,2097.0,2125.0,7028,2135.0,2121.0,1783.398681640625
03-06-2004,2090.0,2124.0,2851,2129.0,2091.0,1758.1741943359375
04-06-2004,2086.0,2102.0,2199,2126.0,2090.0,1757.333251953125
07-06-2004,2085.0,2110.0,2400,2136.0,2136.0,1796.010986328125
08-06-2004,2087.0,2125.0,3885,2125.0,2098.0,1764.0595703125
09-06-2004,2070.0,2099.0,3273,2100.0,2071.0,1741.3572998046875
10-06-2004,2029.0,2055.0,3760,2090.0,2041.0,1716.1324462890625
14-06-2004,1974.0,2040.0,3404,2040.0,1981.0,1686.33837890625
15-06-2004,1987.0,1990.0,3027,2028.0,2028.0,1726.34765625
16-06-2004,2012.0,2020.0,1606,2032.0,2018.0,1717.8350830078125
17-06-2004,2007.0,2018.0,1920,2035.0,2034.0,1731.455078125
18-06-2004,1992.0,2034.0,2102,2034.0,2019.0,1718.6861572265625
21-06-2004,2001.0,2019.0,3265,2041.0,2023.0,1722.0914306640625
22-06-2004,1980.0,2022.0,5091,2031.0,2004.0,1705.9171142578125
23-06-2004,1992.0,2013.0,2561,2016.0,2014.0,1714.429931640625
24-06-2004,2005.0,2023.0,4076,2042.0,2020.0,1719.537353515625
25-06-2004,1998.0,2044.0,3813,2045.0,2025.0,1723.7938232421875
28-06-2004,2022.0,2040.0,2494,2058.0,2040.0,1736.5626220703125
29-06-2004,1975.0,2018.0,9099,2020.0,1981.0,1686.33837890625
30-06-2004,1985.0,1998.0,4720,2013.0,1988.0,1692.2969970703125
01-07-2004,1962.0,2002.0,4085,2002.0,1973.0,1679.5283203125
02-07-2004,1970.0,1980.0,1944,1995.0,1988.0,1692.2969970703125
06-07-2004,1976.0,1989.0,2938,2006.0,1994.0,1697.40478515625
07-07-2004,1931.0,2000.0,8027,2023.0,1943.0,1653.9908447265625
08-07-2004,1927.0,1938.0,4529,1969.0,1934.0,1646.3292236328125
09-07-2004,1919.0,1954.0,4489,1969.0,1920.0,1634.4119873046875
12-07-2004,1916.0,1920.0,4778,1944.0,1916.0,1631.007080078125
13-07-2004,1923.0,1925.0,2811,1958.0,1946.0,1656.5443115234375
14-07-2004,1928.0,1946.0,2924,1964.0,1931.0,1643.7757568359375
15-07-2004,1921.0,1930.0,3698,1962.0,1921.0,1635.2633056640625
16-07-2004,1800.0,1922.0,16093,1922.0,1881.0,1601.2132568359375
19-07-2004,1900.0,1931.0,8112,1995.0,1962.0,1670.1646728515625
20-07-2004,1985.0,1985.0,8650,2068.0,2036.0,1733.1573486328125
21-07-2004,2007.0,2066.0,11207,2072.0,2007.0,1708.4713134765625
22-07-2004,1956.0,2002.0,5595,2007.0,1961.0,1669.3133544921875
23-07-2004,1956.0,1962.0,4557,1989.0,1956.0,1665.05712890625
26-07-2004,1936.0,1972.0,4752,1978.0,1960.0,1668.4620361328125
27-07-2004,1936.0,1951.0,3962,1982.0,1950.0,1659.949462890625
28-07-2004,1940.0,1955.0,2976,1978.0,1960.0,1668.4620361328125
29-07-2004,1966.0,1975.0,3201,2006.0,1998.0,1700.809814453125
30-07-2004,1959.0,2008.0,3695,2008.0,1967.0,1674.4207763671875
02-08-2004,1960.0,1965.0,3442,2010.0,2010.0,1711.025146484375
03-08-2004,1981.0,2011.0,4189,2011.0,1994.0,1697.40478515625
04-08-2004,1979.0,1994.0,5627,2055.0,2042.0,1738.2652587890625
05-08-2004,1982.0,2040.0,5980,2050.0,1984.0,1688.8924560546875
06-08-2004,1984.0,1985.0,4979,2059.0,2023.0,1722.0914306640625
09-08-2004,1960.0,2023.0,4165,2023.0,1972.0,1678.677001953125
10-08-2004,1980.0,1988.0,4061,2029.0,2021.0,1720.388671875
11-08-2004,1996.0,2015.0,3819,2040.0,2027.0,1725.4962158203125
12-08-2004,2001.0,2027.0,4218,2049.0,2019.0,1718.6861572265625
13-08-2004,2010.0,2033.0,3227,2040.0,2031.0,1728.9014892578125
16-08-2004,2036.0,2042.0,4970,2058.0,2055.0,1749.331787109375
17-08-2004,2080.0,2080.0,5037,2100.0,2084.0,1774.0181884765625
18-08-2004,2075.0,2095.0,7396,2174.0,2156.0,1835.3082275390625
19-08-2004,2139.0,2171.0,4139,2171.0,2140.0,1821.688232421875
20-08-2004,2148.0,2152.0,3537,2186.0,2176.0,1852.333251953125
23-08-2004,2124.0,2178.0,3072,2180.0,2124.0,1808.068115234375
24-08-2004,2100.0,2140.0,3982,2140.0,2127.0,1810.6221923828125
25-08-2004,2121.0,2125.0,3226,2165.0,2141.0,1822.5390625
26-08-2004,2123.0,2151.0,2977,2152.0,2129.0,1812.324462890625
27-08-2004,2105.0,2129.0,3657,2130.0,2106.0,1792.7457275390625
30-08-2004,2090.0,2107.0,3509,2118.0,2109.0,1795.298828125
31-08-2004,2120.0,2120.0,3328,2159.0,2159.0,1837.8624267578125
01-09-2004,2150.0,2163.0,3687,2189.0,2168.0,1845.5234375
02-09-2004,2144.0,2168.0,4287,2183.0,2182.0,1857.4410400390625
03-09-2004,2161.0,2182.0,2842,2189.0,2171.0,1848.0771484375
07-09-2004,2169.0,2172.0,4548,2193.0,2182.0,1857.4410400390625
08-09-2004,2155.0,2175.0,3908,2182.0,2158.0,1837.010986328125
09-09-2004,2160.0,2170.0,4093,2189.0,2177.0,1853.184814453125
10-09-2004,2182.0,2186.0,3698,2203.0,2200.0,1872.7633056640625
13-09-2004,2164.0,2178.0,2862,2190.0,2180.0,1877.0689697265625
14-09-2004,2170.0,2184.0,4281,2215.0,2179.0,1876.207763671875
15-09-2004,2162.0,2179.0,2814,2180.0,2170.0,1868.4586181640625
16-09-2004,2168.0,2168.0,3687,2235.0,2235.0,1924.426025390625
17-09-2004,2222.0,2255.0,4732,2259.0,2222.0,1913.232421875
20-09-2004,2199.0,2228.0,3786,2240.0,2214.0,1906.3438720703125
21-09-2004,2200.0,2230.0,3967,2235.0,2206.0,1899.4560546875
22-09-2004,2171.0,2202.0,3862,2205.0,2172.0,1870.18017578125
23-09-2004,2132.0,2160.0,4680,2165.0,2139.0,1841.766357421875
24-09-2004,2115.0,2145.0,2551,2145.0,2120.0,1825.40625
27-09-2004,2103.0,2118.0,2579,2158.0,2137.0,1840.0440673828125
28-09-2004,2118.0,2145.0,3460,2151.0,2121.0,1826.26708984375
29-09-2004,2111.0,2130.0,3479,2142.0,2125.0,1829.7115478515625
30-09-2004,2116.0,2125.0,2148,2143.0,2128.0,1832.2950439453125
01-10-2004,2140.0,2150.0,2531,2176.0,2155.0,1855.5428466796875
04-10-2004,2160.0,2170.0,2620,2184.0,2176.0,1873.62451171875
05-10-2004,2138.0,2175.0,3352,2184.0,2138.0,1840.905517578125
06-10-2004,2116.0,2132.0,5255,2133.0,2126.0,1830.5726318359375
07-10-2004,2088.0,2120.0,3549,2134.0,2088.0,1797.85302734375
08-10-2004,2081.0,2088.0,4190,2117.0,2086.0,1796.1309814453125
11-10-2004,2058.0,2088.0,2698,2100.0,2062.0,1775.4661865234375
12-10-2004,2051.0,2057.0,2707,2097.0,2084.0,1794.408935546875
13-10-2004,2075.0,2088.0,2470,2093.0,2077.0,1788.381591796875
14-10-2004,2058.0,2072.0,2242,2079.0,2068.0,1780.632080078125
15-10-2004,2062.0,2072.0,2073,2091.0,2067.0,1779.771240234375
18-10-2004,2025.0,2057.0,2523,2084.0,2066.0,1778.9100341796875
19-10-2004,2059.0,2078.0,4699,2096.0,2096.0,1804.741455078125
20-10-2004,1959.0,2091.0,11443,2091.0,1997.0,1719.4984130859375
21-10-2004,1986.0,2008.0,5264,2031.0,2013.0,1733.275146484375
22-10-2004,2001.0,2012.0,4184,2037.0,2010.0,1730.69189453125
25-10-2004,1999.0,2010.0,5185,2041.0,2035.0,1752.2177734375
26-10-2004,2020.0,2039.0,3378,2054.0,2050.0,1765.133544921875
27-10-2004,2031.0,2039.0,3123,2075.0,2071.0,1783.2152099609375
28-10-2004,2059.0,2075.0,2567,2088.0,2086.0,1796.1309814453125
29-10-2004,2068.0,2081.0,1953,2092.0,2089.0,1798.7139892578125
01-11-2004,2057.0,2075.0,2739,2095.0,2092.0,1801.2969970703125
02-11-2004,2078.0,2090.0,2749,2111.0,2085.0,1795.2698974609375
03-11-2004,2078.0,2100.0,5197,2120.0,2097.0,1805.6024169921875
04-11-2004,2090.0,2096.0,4271,2124.0,2121.0,1826.26708984375
05-11-2004,2091.0,2130.0,3153,2133.0,2101.0,1809.046630859375
08-11-2004,2100.0,2100.0,1934,2132.0,2121.0,1826.26708984375
09-11-2004,2115.0,2129.0,2805,2159.0,2142.0,1844.3492431640625
10-11-2004,2142.0,2155.0,3362,2185.0,2148.0,1849.5155029296875
11-11-2004,2155.0,2165.0,3126,2204.0,2196.0,1890.8453369140625
12-11-2004,2196.0,2210.0,3717,2236.0,2220.0,1911.510498046875
15-11-2004,2220.0,2230.0,4871,2242.0,2222.0,1913.232421875
16-11-2004,2211.0,2223.0,5929,2230.0,2221.0,1912.37158203125
17-11-2004,2221.0,2241.0,5113,2252.0,2242.0,1930.453125
18-11-2004,2242.0,2258.0,5816,2282.0,2270.0,1954.562255859375
19-11-2004,2223.0,2270.0,4344,2270.0,2244.0,1932.175537109375
22-11-2004,2214.0,2244.0,4575,2247.0,2228.0,1918.3990478515625
23-11-2004,2185.0,2240.0,6220,2240.0,2187.0,1883.095947265625
24-11-2004,2192.0,2193.0,3622,2227.0,2219.0,1910.6497802734375
26-11-2004,2194.0,2220.0,2114,2228.0,2194.0,1889.123291015625
29-11-2004,2184.0,2219.0,6079,2229.0,2192.0,1887.401123046875
30-11-2004,2177.0,2192.0,5461,2210.0,2179.0,1876.207763671875
01-12-2004,2195.0,2200.0,8342,2253.0,2250.0,1937.341552734375
02-12-2004,2253.0,2270.0,5536,2278.0,2268.0,1952.84033203125
03-12-2004,2251.0,2260.0,5688,2317.0,2262.0,1947.6748046875
06-12-2004,2243.0,2264.0,3280,2284.0,2274.0,1958.0068359375
07-12-2004,2195.0,2282.0,5373,2297.0,2198.0,1892.5677490234375
08-12-2004,2170.0,2200.0,4782,2210.0,2180.0,1877.0689697265625
09-12-2004,2156.0,2175.0,4127,2186.0,2178.0,1875.346923828125
10-12-2004,2161.0,2182.0,2600,2208.0,2188.0,1883.9571533203125
13-12-2004,2152.0,2175.0,3312,2187.0,2176.0,1895.2801513671875
14-12-2004,2165.0,2165.0,3111,2196.0,2178.0,1897.0220947265625
15-12-2004,2175.0,2180.0,2242,2212.0,2208.0,1923.152099609375
16-12-2004,2201.0,2209.0,3037,2235.0,2235.0,1946.6688232421875
17-12-2004,2224.0,2236.0,3963,2257.0,2257.0,1965.8304443359375
20-12-2004,2210.0,2255.0,4222,2260.0,2237.0,1948.41064453125
21-12-2004,2200.0,2237.0,3817,2254.0,2213.0,1927.5069580078125
22-12-2004,2204.0,2214.0,2510,2224.0,2217.0,1930.990478515625
23-12-2004,2215.0,2219.0,3211,2240.0,2239.0,1950.1524658203125
27-12-2004,2218.0,2252.0,2339,2256.0,2218.0,1931.861572265625
28-12-2004,2214.0,2229.0,2205,2251.0,2244.0,1954.507568359375
29-12-2004,2237.0,2252.0,1520,2265.0,2254.0,1963.217529296875
30-12-2004,2242.0,2245.0,1497,2275.0,2253.0,1962.3466796875
31-12-2004,2258.0,2272.0,2360,2286.0,2260.0,1968.4432373046875
03-01-2005,2235.0,2270.0,7607,2276.0,2241.0,1951.8941650390625
04-01-2005,2241.0,2241.0,8557,2284.0,2269.0,1976.2823486328125
05-01-2005,2215.0,2264.0,6809,2274.0,2215.0,1929.24853515625
06-01-2005,2219.0,2220.0,4096,2244.0,2225.0,1937.9586181640625
07-01-2005,2210.0,2230.0,3407,2240.0,2213.0,1927.5069580078125
10-01-2005,2206.0,2206.0,4034,2240.0,2210.0,1924.893798828125
11-01-2005,2127.0,2200.0,8756,2200.0,2144.0,1867.408203125
12-01-2005,2079.0,2145.0,6721,2145.0,2102.0,1830.826416015625
13-01-2005,2093.0,2110.0,4023,2129.0,2105.0,1833.4395751953125
14-01-2005,2083.0,2106.0,4805,2117.0,2085.0,1816.019775390625
18-01-2005,2077.0,2100.0,8310,2116.0,2080.0,1811.66455078125
19-01-2005,2062.0,2085.0,4144,2093.0,2076.0,1808.1805419921875
20-01-2005,2055.0,2080.0,9727,2080.0,2066.0,1799.4710693359375
21-01-2005,2062.0,2070.0,4207,2086.0,2069.0,1802.0838623046875
24-01-2005,2061.0,2072.0,4733,2084.0,2071.0,1803.8258056640625
25-01-2005,1997.0,2071.0,31155,2242.0,2126.0,1851.730712890625
26-01-2005,2120.0,2125.0,8707,2149.0,2147.0,1870.0208740234375
27-01-2005,2096.0,2138.0,5072,2156.0,2113.0,1840.40771484375
28-01-2005,2087.0,2111.0,3729,2122.0,2091.0,1821.2454833984375
31-01-2005,2093.0,2105.0,3438,2116.0,2102.0,1830.826416015625
01-02-2005,2098.0,2112.0,4185,2165.0,2142.0,1865.6663818359375
02-02-2005,2100.0,2155.0,3994,2155.0,2115.0,1842.1495361328125
03-02-2005,2101.0,2116.0,3596,2125.0,2108.0,1836.0523681640625
04-02-2005,2100.0,2120.0,3151,2123.0,2120.0,1846.50439453125
07-02-2005,2093.0,2110.0,3542,2135.0,2099.0,1828.2137451171875
08-02-2005,2067.0,2101.0,4699,2111.0,2081.0,1812.53564453125
09-02-2005,2062.0,2095.0,3047,2100.0,2064.0,1797.72900390625
10-02-2005,2061.0,2064.0,2468,2091.0,2067.0,1800.341796875
11-02-2005,2050.0,2062.0,4935,2076.0,2064.0,1797.72900390625
14-02-2005,2052.0,2056.0,3375,2072.0,2060.0,1794.2451171875
15-02-2005,2030.0,2059.0,4553,2079.0,2051.0,1786.4058837890625
16-02-2005,2025.0,2052.0,5698,2065.0,2035.0,1772.4698486328125
17-02-2005,2016.0,2039.0,2742,2039.0,2022.0,1761.1470947265625
18-02-2005,2003.0,2020.0,3325,2028.0,2013.0,1753.3082275390625
22-02-2005,1988.0,2013.0,5628,2019.0,1990.0,1733.275390625
23-02-2005,1991.0,2006.0,5309,2011.0,2002.0,1743.72705078125
24-02-2005,1995.0,2005.0,5641,2024.0,2015.0,1755.050048828125
25-02-2005,2010.0,2020.0,3274,2047.0,2047.0,1782.9217529296875
28-02-2005,2030.0,2048.0,2931,2061.0,2055.0,1789.8900146484375
01-03-2005,2033.0,2057.0,2999,2064.0,2034.0,1771.598876953125
02-03-2005,2014.0,2030.0,2627,2050.0,2026.0,1764.630859375
03-03-2005,2031.0,2040.0,2795,2056.0,2040.0,1776.8251953125
04-03-2005,2034.0,2043.0,4081,2101.0,2099.0,1828.2137451171875
07-03-2005,2072.0,2100.0,2493,2104.0,2080.0,1811.66455078125
08-03-2005,2048.0,2081.0,2730,2095.0,2050.0,1785.53466796875
09-03-2005,2025.0,2051.0,3294,2051.0,2035.0,1772.4698486328125
10-03-2005,2018.0,2034.0,1917,2049.0,2031.0,1768.986083984375
11-03-2005,2025.0,2044.0,2250,2045.0,2043.0,1779.4378662109375
14-03-2005,2020.0,2043.0,3892,2063.0,2051.0,1786.4058837890625
15-03-2005,1999.0,2026.0,4372,2034.0,2006.0,1768.77099609375
16-03-2005,1977.0,2006.0,7116,2006.0,2002.0,1765.244140625
17-03-2005,1999.0,2003.0,4560,2016.0,2016.0,1777.58837890625
18-03-2005,1992.0,2025.0,9634,2031.0,2000.0,1763.4808349609375
21-03-2005,1981.0,1999.0,6205,2006.0,1994.0,1758.1903076171875
22-03-2005,1960.0,1986.0,5481,2004.0,1962.0,1729.974365234375
23-03-2005,1930.0,1956.0,6935,1975.0,1948.0,1717.630126953125
24-03-2005,1947.0,1952.0,3683,1963.0,1960.0,1728.2110595703125
28-03-2005,1931.0,1961.0,4052,1964.0,1940.0,1710.5760498046875
29-03-2005,1900.0,1941.0,5121,1945.0,1918.0,1691.177978515625
30-03-2005,1911.0,1917.0,4862,1963.0,1960.0,1728.2110595703125
31-03-2005,1950.0,1960.0,3887,1973.0,1955.0,1723.8023681640625
01-04-2005,1905.0,1959.0,4184,1977.0,1927.0,1699.1136474609375
04-04-2005,1902.0,1927.0,3147,1943.0,1939.0,1709.694580078125
05-04-2005,1918.0,1939.0,2567,1939.0,1924.0,1696.4683837890625
06-04-2005,1921.0,1924.0,2092,1946.0,1937.0,1707.9312744140625
07-04-2005,1927.0,1938.0,2821,1961.0,1961.0,1729.093017578125
08-04-2005,1932.0,1960.0,2871,1964.0,1940.0,1710.5760498046875
11-04-2005,1935.0,1940.0,3707,1947.0,1936.0,1707.0491943359375
12-04-2005,1925.0,1936.0,3040,1972.0,1966.0,1733.50146484375
13-04-2005,1945.0,1962.0,2643,1965.0,1950.0,1719.3934326171875
14-04-2005,1940.0,1951.0,5566,1960.0,1955.0,1723.8023681640625
15-04-2005,1904.0,1956.0,4000,1975.0,1910.0,1684.1243896484375
18-04-2005,1902.0,1910.0,3868,1949.0,1921.0,1693.8231201171875
19-04-2005,1918.0,1922.0,2615,1940.0,1926.0,1698.2318115234375
20-04-2005,1910.0,1927.0,3473,1940.0,1935.0,1706.167724609375
21-04-2005,1915.0,1938.0,2194,1949.0,1930.0,1701.7587890625
22-04-2005,1900.0,1929.0,2828,1930.0,1902.0,1677.0699462890625
25-04-2005,1902.0,1902.0,3389,1957.0,1957.0,1725.56591796875
26-04-2005,1936.0,1957.0,2898,1972.0,1972.0,1738.7919921875
27-04-2005,1952.0,1967.0,9074,2052.0,2032.0,1791.6962890625
28-04-2005,1974.0,2013.0,6892,2013.0,1999.0,1762.598876953125
29-04-2005,1812.0,1974.0,24922,1977.0,1904.0,1678.8338623046875
02-05-2005,1804.0,1899.0,8571,1907.0,1815.0,1600.35888671875
03-05-2005,1801.0,1810.0,8969,1828.0,1814.0,1599.476806640625
04-05-2005,1812.0,1812.0,5986,1877.0,1874.0,1652.3814697265625
05-05-2005,1842.0,1869.0,9148,1889.0,1882.0,1659.4351806640625
06-05-2005,1832.0,1877.0,4652,1880.0,1853.0,1633.8648681640625
09-05-2005,1841.0,1850.0,3686,1859.0,1856.0,1636.509765625
10-05-2005,1826.0,1860.0,2999,1860.0,1835.0,1617.9935302734375
11-05-2005,1812.0,1831.0,2432,1836.0,1820.0,1604.7674560546875
12-05-2005,1804.0,1830.0,4694,1844.0,1810.0,1595.949951171875
13-05-2005,1800.0,1820.0,4173,1823.0,1810.0,1595.949951171875
16-05-2005,1815.0,1816.0,4703,1903.0,1901.0,1676.1885986328125
17-05-2005,1880.0,1900.0,3234,1912.0,1899.0,1674.4249267578125
18-05-2005,1904.0,1904.0,4569,1951.0,1949.0,1718.5118408203125
19-05-2005,1921.0,1949.0,2774,1950.0,1946.0,1715.86669921875
20-05-2005,1914.0,1946.0,1983,1948.0,1941.0,1711.4580078125
23-05-2005,1924.0,1933.0,2795,1955.0,1950.0,1719.3934326171875
24-05-2005,1928.0,1936.0,1964,1950.0,1940.0,1710.5760498046875
25-05-2005,1917.0,1929.0,2148,1953.0,1927.0,1699.1136474609375
26-05-2005,1913.0,1924.0,2024,1941.0,1935.0,1706.167724609375
27-05-2005,1940.0,1942.0,3037,1978.0,1975.0,1741.4368896484375
31-05-2005,1965.0,1974.0,2855,1984.0,1976.0,1742.31884765625
01-06-2005,1967.0,1973.0,2867,2010.0,1981.0,1746.7275390625
02-06-2005,1982.0,1986.0,2925,2016.0,1995.0,1759.0718994140625
03-06-2005,1993.0,2000.0,3359,2016.0,1993.0,1757.3084716796875
06-06-2005,1974.0,2000.0,4828,2008.0,1975.0,1741.4368896484375
07-06-2005,1973.0,1975.0,4657,2011.0,1978.0,1744.08203125
08-06-2005,1976.0,1986.0,3154,2000.0,1980.0,1745.8458251953125
09-06-2005,1975.0,1980.0,1936,1992.0,1983.0,1748.4908447265625
10-06-2005,1962.0,1981.0,2970,1987.0,1987.0,1752.01806640625
13-06-2005,1979.0,1980.0,3292,2027.0,2025.0,1785.5240478515625
14-06-2005,2018.0,2018.0,4679,2055.0,2039.0,1797.86865234375
15-06-2005,1970.0,2038.0,5144,2039.0,1980.0,1767.517333984375
16-06-2005,1875.0,1910.0,15602,1955.0,1880.0,1678.2486572265625
17-06-2005,1840.0,1880.0,15483,1880.0,1850.0,1651.4683837890625
20-06-2005,1830.0,1840.0,6140,1872.0,1865.0,1664.8583984375
21-06-2005,1861.0,1878.0,4912,1900.0,1895.0,1691.638916015625
22-06-2005,1895.0,1904.0,3485,1912.0,1910.0,1705.0296630859375
23-06-2005,1880.0,1902.0,4105,1908.0,1890.0,1687.175537109375
24-06-2005,1858.0,1885.0,3286,1893.0,1858.0,1658.609619140625
27-06-2005,1855.0,1860.0,2251,1879.0,1863.0,1663.0731201171875
28-06-2005,1869.0,1875.0,2466,1899.0,1885.0,1682.7119140625
29-06-2005,1868.0,1882.0,3141,1897.0,1880.0,1678.2486572265625
30-06-2005,1878.0,1896.0,2367,1902.0,1893.0,1689.8538818359375
01-07-2005,1875.0,1883.0,1791,1902.0,1894.0,1690.7462158203125
05-07-2005,1886.0,1891.0,3169,1909.0,1900.0,1696.1024169921875
06-07-2005,1876.0,1900.0,4334,1901.0,1877.0,1675.5706787109375
07-07-2005,1851.0,1861.0,6902,1876.0,1870.0,1669.32177734375
08-07-2005,1868.0,1875.0,2938,1898.0,1889.0,1686.28271484375
11-07-2005,1887.0,1890.0,5031,1939.0,1926.0,1719.3123779296875
12-07-2005,1890.0,1920.0,4881,1925.0,1891.0,1688.0679931640625
13-07-2005,1854.0,1888.0,6114,1899.0,1860.0,1660.39501953125
14-07-2005,1852.0,1852.0,5630,1880.0,1855.0,1655.9315185546875
15-07-2005,1837.0,1850.0,3991,1863.0,1859.0,1659.502197265625
18-07-2005,1839.0,1854.0,2723,1865.0,1848.0,1649.6827392578125
19-07-2005,1843.0,1860.0,2834,1874.0,1855.0,1655.9315185546875
20-07-2005,1846.0,1849.0,2340,1884.0,1860.0,1660.39501953125
21-07-2005,1836.0,1865.0,4249,1875.0,1858.0,1658.609619140625
22-07-2005,1850.0,1861.0,1967,1878.0,1876.0,1674.6778564453125
25-07-2005,1857.0,1870.0,2933,1892.0,1859.0,1659.502197265625
26-07-2005,1849.0,1864.0,2096,1880.0,1861.0,1661.2877197265625
27-07-2005,1850.0,1865.0,4283,1872.0,1860.0,1660.39501953125
28-07-2005,1825.0,1835.0,4659,1860.0,1851.0,1652.36083984375
29-07-2005,1831.0,1851.0,6103,1861.0,1843.0,1645.2196044921875
01-08-2005,1807.0,1843.0,5481,1848.0,1810.0,1615.7607421875
02-08-2005,1802.0,1810.0,6286,1823.0,1823.0,1627.36572265625
03-08-2005,1805.0,1812.0,2359,1820.0,1816.0,1621.1168212890625
04-08-2005,1800.0,1810.0,3381,1813.0,1804.0,1610.4046630859375
05-08-2005,1791.0,1809.0,5204,1809.0,1799.0,1605.9412841796875
08-08-2005,1777.0,1794.0,3804,1805.0,1789.0,1597.014404296875
09-08-2005,1776.0,1797.0,3498,1799.0,1793.0,1600.5848388671875
10-08-2005,1760.0,1797.0,2736,1800.0,1777.0,1586.30224609375
11-08-2005,1770.0,1773.0,3812,1800.0,1795.0,1602.3704833984375
12-08-2005,1740.0,1798.0,4107,1798.0,1780.0,1588.97998046875
15-08-2005,1751.0,1778.0,2277,1800.0,1793.0,1600.5848388671875
16-08-2005,1768.0,1784.0,1862,1797.0,1768.0,1578.26806640625
17-08-2005,1760.0,1768.0,1873,1786.0,1770.0,1580.0531005859375
18-08-2005,1760.0,1765.0,1727,1775.0,1765.0,1575.58984375
19-08-2005,1753.0,1760.0,1618,1780.0,1771.0,1580.9461669921875
22-08-2005,1760.0,1775.0,2543,1777.0,1769.0,1579.1605224609375
23-08-2005,1752.0,1760.0,2738,1768.0,1755.0,1566.6630859375
24-08-2005,1748.0,1751.0,2770,1777.0,1758.0,1569.3411865234375
25-08-2005,1751.0,1757.0,1448,1769.0,1753.0,1564.87744140625
26-08-2005,1716.0,1750.0,2891,1758.0,1724.0,1538.9898681640625
29-08-2005,1702.0,1718.0,2189,1753.0,1750.0,1562.199462890625
30-08-2005,1729.0,1742.0,1600,1750.0,1744.0,1556.8433837890625
31-08-2005,1725.0,1741.0,5374,1750.0,1725.0,1539.882568359375
01-09-2005,1724.0,1735.0,3956,1748.0,1730.0,1544.345947265625
02-09-2005,1727.0,1732.0,2182,1743.0,1734.0,1547.916748046875
06-09-2005,1734.0,1735.0,4117,1753.0,1748.0,1560.4140625
07-09-2005,1735.0,1746.0,4159,1751.0,1740.0,1553.272705078125
08-09-2005,1736.0,1740.0,4638,1767.0,1765.0,1575.58984375
09-09-2005,1761.0,1769.0,1710,1779.0,1772.0,1581.8385009765625
12-09-2005,1759.0,1764.0,1910,1779.0,1769.0,1579.1605224609375
13-09-2005,1735.0,1763.0,2328,1763.0,1741.0,1554.16552734375
14-09-2005,1700.0,1729.0,2463,1734.0,1711.0,1549.636962890625
15-09-2005,1695.0,1710.0,2470,1713.0,1709.0,1547.8255615234375
16-09-2005,1680.0,1710.0,12846,1719.0,1688.0,1528.80615234375
19-09-2005,1680.0,1692.0,2949,1719.0,1716.0,1554.1656494140625
20-09-2005,1696.0,1722.0,4258,1741.0,1709.0,1547.8255615234375
21-09-2005,1656.0,1705.0,4727,1705.0,1670.0,1512.50341796875
22-09-2005,1638.0,1665.0,4540,1693.0,1670.0,1512.50341796875
23-09-2005,1642.0,1666.0,2332,1667.0,1653.0,1497.1068115234375
26-09-2005,1643.0,1658.0,5365,1662.0,1646.0,1490.766845703125
27-09-2005,1650.0,1655.0,5389,1674.0,1659.0,1502.541259765625
28-09-2005,1542.0,1656.0,16792,1657.0,1600.0,1449.1051025390625
29-09-2005,1602.0,1603.0,5955,1633.0,1625.0,1471.7476806640625
30-09-2005,1606.0,1629.0,3776,1634.0,1610.0,1458.162353515625
03-10-2005,1600.0,1608.0,3316,1630.0,1607.0,1455.4451904296875
04-10-2005,1600.0,1605.0,3724,1624.0,1605.0,1453.634033203125
05-10-2005,1571.0,1600.0,3283,1604.0,1577.0,1428.2742919921875
06-10-2005,1573.0,1577.0,4694,1600.0,1589.0,1439.1427001953125
07-10-2005,1590.0,1595.0,3157,1608.0,1600.0,1449.1051025390625
10-10-2005,1482.0,1565.0,15164,1565.0,1484.0,1344.0450439453125
11-10-2005,1383.0,1484.0,12463,1489.0,1412.0,1278.8353271484375
12-10-2005,1375.0,1415.0,6509,1425.0,1398.0,1266.156005859375
13-10-2005,1353.0,1399.0,8155,1405.0,1388.0,1257.0987548828125
14-10-2005,1385.0,1398.0,4597,1424.0,1407.0,1274.3070068359375
17-10-2005,1401.0,1411.0,4723,1425.0,1425.0,1290.609375
18-10-2005,1405.0,1421.0,5611,1449.0,1410.0,1277.02392578125
19-10-2005,1402.0,1402.0,3329,1452.0,1452.0,1315.06298828125
20-10-2005,1420.0,1452.0,4277,1460.0,1428.0,1293.3262939453125
21-10-2005,1426.0,1438.0,2330,1451.0,1441.0,1305.1002197265625
24-10-2005,1411.0,1424.0,5228,1459.0,1459.0,1321.403076171875
25-10-2005,1295.0,1377.0,20837,1380.0,1317.0,1192.7945556640625
26-10-2005,1282.0,1307.0,8556,1315.0,1290.0,1168.3409423828125
27-10-2005,1262.0,1286.0,5374,1286.0,1269.0,1149.32177734375
28-10-2005,1268.0,1269.0,6561,1307.0,1301.0,1178.303955078125
31-10-2005,1306.0,1311.0,5531,1350.0,1342.0,1215.4368896484375
01-11-2005,1311.0,1325.0,4164,1342.0,1326.0,1200.9459228515625
02-11-2005,1380.0,1425.0,11499,1449.0,1387.0,1256.193115234375
03-11-2005,1381.0,1397.0,4769,1408.0,1389.0,1258.0042724609375
04-11-2005,1386.0,1392.0,4022,1400.0,1397.0,1265.2501220703125
07-11-2005,1393.0,1398.0,3483,1424.0,1420.0,1286.081298828125
08-11-2005,1381.0,1420.0,2464,1420.0,1390.0,1258.9100341796875
09-11-2005,1380.0,1388.0,2406,1420.0,1395.0,1263.438720703125
10-11-2005,1389.0,1398.0,2422,1435.0,1434.0,1298.7607421875
11-11-2005,1423.0,1438.0,2174,1454.0,1451.0,1314.1575927734375
14-11-2005,1446.0,1452.0,2978,1460.0,1455.0,1317.7799072265625
15-11-2005,1415.0,1455.0,4205,1460.0,1422.0,1287.892333984375
16-11-2005,1411.0,1427.0,2079,1434.0,1423.0,1288.79833984375
17-11-2005,1422.0,1422.0,2360,1451.0,1451.0,1314.1575927734375
18-11-2005,1455.0,1461.0,2694,1485.0,1485.0,1344.95068359375
21-11-2005,1479.0,1488.0,3470,1512.0,1508.0,1365.781982421875
22-11-2005,1484.0,1514.0,2748,1523.0,1520.0,1376.6502685546875
23-11-2005,1513.0,1524.0,2528,1535.0,1531.0,1386.6126708984375
25-11-2005,1519.0,1528.0,817,1535.0,1534.0,1389.32958984375
28-11-2005,1515.0,1534.0,3510,1534.0,1518.0,1374.8387451171875
29-11-2005,1506.0,1528.0,3276,1540.0,1520.0,1376.6502685546875
30-11-2005,1505.0,1515.0,2224,1530.0,1507.0,1364.8763427734375
01-12-2005,1505.0,1514.0,2653,1523.0,1510.0,1367.59326171875
02-12-2005,1495.0,1510.0,1859,1520.0,1514.0,1371.2158203125
05-12-2005,1481.0,1512.0,2418,1517.0,1497.0,1355.8192138671875
06-12-2005,1479.0,1490.0,3065,1514.0,1485.0,1344.95068359375
07-12-2005,1466.0,1485.0,2080,1488.0,1488.0,1347.6680908203125
08-12-2005,1455.0,1489.0,2760,1495.0,1469.0,1330.459716796875
09-12-2005,1373.0,1469.0,2700,1477.0,1474.0,1334.98828125
12-12-2005,1451.0,1475.0,2401,1476.0,1473.0,1334.08251953125
13-12-2005,1463.0,1470.0,4466,1487.0,1475.0,1335.893798828125
14-12-2005,1461.0,1466.0,4124,1496.0,1495.0,1367.9188232421875
15-12-2005,1467.0,1489.0,2890,1491.0,1487.0,1360.598876953125
16-12-2005,1472.0,1491.0,4668,1498.0,1475.0,1349.61865234375
19-12-2005,1433.0,1474.0,3202,1484.0,1447.0,1323.9991455078125
20-12-2005,1438.0,1450.0,2072,1467.0,1450.0,1326.743896484375
21-12-2005,1443.0,1455.0,1670,1461.0,1456.0,1332.2340087890625
22-12-2005,1466.0,1466.0,2216,1484.0,1478.0,1352.3638916015625
23-12-2005,1460.0,1485.0,1832,1488.0,1474.0,1348.703857421875
27-12-2005,1461.0,1475.0,3014,1485.0,1465.0,1340.468994140625
28-12-2005,1462.0,1462.0,2247,1480.0,1472.0,1346.8736572265625
29-12-2005,1430.0,1473.0,3692,1479.0,1432.0,1310.274169921875
30-12-2005,1417.0,1429.0,3572,1456.0,1440.0,1317.593994140625
03-01-2006,1423.0,1449.0,2846,1455.0,1448.0,1324.9139404296875
04-01-2006,1449.0,1456.0,2530,1488.0,1472.0,1346.8736572265625
05-01-2006,1462.0,1462.0,1491,1495.0,1487.0,1360.598876953125
06-01-2006,1472.0,1499.0,1902,1499.0,1475.0,1349.61865234375
09-01-2006,1475.0,1475.0,1607,1500.0,1497.0,1369.7489013671875
10-01-2006,1490.0,1507.0,2259,1509.0,1503.0,1375.238525390625
11-01-2006,1480.0,1495.0,2912,1503.0,1485.0,1358.768798828125
12-01-2006,1431.0,1485.0,4800,1486.0,1452.0,1328.573974609375
13-01-2006,1452.0,1452.0,2821,1474.0,1457.0,1333.1488037109375
17-01-2006,1440.0,1451.0,2165,1460.0,1452.0,1328.573974609375
18-01-2006,1426.0,1448.0,2353,1458.0,1432.0,1310.274169921875
19-01-2006,1432.0,1438.0,2110,1455.0,1441.0,1318.5089111328125
20-01-2006,1421.0,1444.0,1436,1447.0,1422.0,1301.1241455078125
23-01-2006,1401.0,1420.0,2967,1426.0,1408.0,1288.31396484375
24-01-2006,1407.0,1410.0,3528,1445.0,1443.0,1320.3392333984375
25-01-2006,1421.0,1443.0,3137,1470.0,1465.0,1340.468994140625
26-01-2006,1466.0,1470.0,4389,1525.0,1524.0,1394.453857421875
27-01-2006,1502.0,1524.0,2574,1529.0,1519.0,1389.8787841796875
30-01-2006,1512.0,1522.0,2877,1527.0,1527.0,1397.198486328125
31-01-2006,1505.0,1526.0,2469,1526.0,1518.0,1388.9637451171875
01-02-2006,1501.0,1510.0,2375,1523.0,1523.0,1393.5386962890625
02-02-2006,1466.0,1516.0,2957,1516.0,1488.0,1361.513916015625
03-02-2006,1463.0,1486.0,2028,1490.0,1465.0,1340.468994140625
06-02-2006,1440.0,1470.0,1775,1479.0,1478.0,1352.3638916015625
07-02-2006,1462.0,1478.0,3670,1494.0,1486.0,1359.6837158203125
08-02-2006,1475.0,1495.0,3484,1497.0,1489.0,1362.4288330078125
09-02-2006,1470.0,1493.0,2294,1506.0,1476.0,1350.5338134765625
10-02-2006,1455.0,1478.0,1194,1495.0,1489.0,1362.4288330078125
13-02-2006,1462.0,1487.0,1540,1498.0,1475.0,1349.61865234375
14-02-2006,1465.0,1476.0,1754,1513.0,1510.0,1381.6439208984375
15-02-2006,1477.0,1514.0,2262,1514.0,1511.0,1382.5587158203125
16-02-2006,1504.0,1520.0,2799,1525.0,1520.0,1390.7938232421875
17-02-2006,1501.0,1522.0,2529,1522.0,1510.0,1381.6439208984375
21-02-2006,1483.0,1510.0,3663,1525.0,1485.0,1358.768798828125
22-02-2006,1488.0,1494.0,3232,1518.0,1518.0,1388.9637451171875
23-02-2006,1471.0,1515.0,3631,1515.0,1476.0,1350.5338134765625
24-02-2006,1474.0,1476.0,5026,1549.0,1544.0,1412.7532958984375
27-02-2006,1539.0,1552.0,2514,1560.0,1560.0,1427.3936767578125
28-02-2006,1525.0,1558.0,2598,1563.0,1545.0,1413.668701171875
01-03-2006,1530.0,1534.0,2951,1560.0,1542.0,1410.923583984375
02-03-2006,1512.0,1542.0,3275,1554.0,1513.0,1384.388671875
03-03-2006,1501.0,1513.0,1687,1524.0,1501.0,1373.4088134765625
06-03-2006,1479.0,1490.0,2597,1504.0,1491.0,1364.2586669921875
07-03-2006,1455.0,1480.0,2921,1496.0,1469.0,1344.1287841796875
08-03-2006,1455.0,1470.0,1695,1481.0,1474.0,1348.703857421875
09-03-2006,1437.0,1473.0,1936,1480.0,1437.0,1314.8487548828125
10-03-2006,1427.0,1439.0,1236,1450.0,1450.0,1326.743896484375
13-03-2006,1425.0,1440.0,2102,1453.0,1426.0,1318.423095703125
14-03-2006,1417.0,1430.0,4526,1455.0,1455.0,1345.23486328125
15-03-2006,1445.0,1449.0,2373,1455.0,1453.0,1343.3858642578125
16-03-2006,1455.0,1455.0,5688,1518.0,1503.0,1389.614013671875
17-03-2006,1496.0,1512.0,4922,1522.0,1522.0,1407.1807861328125
20-03-2006,1520.0,1526.0,2660,1539.0,1539.0,1422.8983154296875
21-03-2006,1507.0,1539.0,2098,1540.0,1511.0,1397.0106201171875
22-03-2006,1503.0,1511.0,1890,1539.0,1535.0,1419.199951171875
23-03-2006,1509.0,1530.0,2468,1549.0,1530.0,1414.577392578125
24-03-2006,1504.0,1533.0,2000,1546.0,1520.0,1405.3316650390625
27-03-2006,1500.0,1521.0,1488,1539.0,1513.0,1398.8597412109375
28-03-2006,1492.0,1514.0,2094,1526.0,1499.0,1385.9158935546875
29-03-2006,1493.0,1502.0,1532,1511.0,1500.0,1386.8404541015625
30-03-2006,1476.0,1503.0,2171,1511.0,1491.0,1378.519287109375
31-03-2006,1487.0,1493.0,2871,1512.0,1510.0,1396.0859375
03-04-2006,1482.0,1520.0,3166,1520.0,1498.0,1384.9912109375
04-04-2006,1488.0,1494.0,2350,1524.0,1522.0,1407.1807861328125
05-04-2006,1505.0,1520.0,2798,1534.0,1526.0,1410.879150390625
06-04-2006,1513.0,1525.0,1238,1535.0,1524.0,1409.0299072265625
07-04-2006,1483.0,1518.0,1648,1530.0,1502.0,1388.6890869140625
10-04-2006,1485.0,1500.0,1157,1519.0,1505.0,1391.462890625
11-04-2006,1466.0,1508.0,2056,1513.0,1467.0,1356.329833984375
12-04-2006,1417.0,1417.0,1908,1479.0,1467.0,1356.329833984375
13-04-2006,1458.0,1466.0,725,1477.0,1471.0,1360.028076171875
17-04-2006,1451.0,1473.0,1485,1479.0,1476.0,1364.650634765625
18-04-2006,1480.0,1480.0,2833,1506.0,1506.0,1392.387939453125
19-04-2006,1507.0,1509.0,2506,1544.0,1540.0,1423.8232421875
20-04-2006,1518.0,1530.0,1978,1548.0,1544.0,1427.52099609375
21-04-2006,1522.0,1554.0,3267,1564.0,1562.0,1444.1630859375
24-04-2006,1540.0,1559.0,2831,1568.0,1554.0,1436.766845703125
25-04-2006,1526.0,1552.0,3016,1558.0,1551.0,1433.9927978515625
26-04-2006,1539.0,1552.0,1987,1565.0,1560.0,1442.3140869140625
27-04-2006,1546.0,1557.0,3973,1610.0,1610.0,1488.5419921875
28-04-2006,1487.0,1550.0,5895,1624.0,1600.0,1479.29638671875
01-05-2006,1614.0,1645.0,5427,1649.0,1630.0,1507.0330810546875
02-05-2006,1605.0,1630.0,3433,1641.0,1615.0,1493.1646728515625
03-05-2006,1613.0,1618.0,3711,1650.0,1639.0,1515.3543701171875
04-05-2006,1619.0,1631.0,2083,1639.0,1632.0,1508.88232421875
05-05-2006,1630.0,1642.0,2249,1673.0,1670.0,1544.0155029296875
08-05-2006,1663.0,1663.0,4121,1700.0,1696.0,1568.0543212890625
09-05-2006,1679.0,1699.0,3087,1706.0,1684.0,1556.9593505859375
10-05-2006,1649.0,1681.0,3273,1690.0,1661.0,1535.694580078125
11-05-2006,1609.0,1665.0,3445,1670.0,1613.0,1491.3153076171875
12-05-2006,1607.0,1615.0,2911,1646.0,1612.0,1490.3912353515625
15-05-2006,1595.0,1610.0,2880,1643.0,1634.0,1510.7314453125
16-05-2006,1610.0,1630.0,2122,1643.0,1622.0,1499.6368408203125
17-05-2006,1575.0,1610.0,2179,1610.0,1593.0,1472.8245849609375
18-05-2006,1569.0,1600.0,1808,1603.0,1570.0,1451.5594482421875
19-05-2006,1552.0,1567.0,3908,1597.0,1569.0,1450.6348876953125
22-05-2006,1540.0,1556.0,2590,1603.0,1590.0,1470.0509033203125
23-05-2006,1565.0,1601.0,2547,1604.0,1568.0,1449.7103271484375
24-05-2006,1551.0,1568.0,3028,1600.0,1598.0,1477.447265625
25-05-2006,1597.0,1614.0,3371,1629.0,1625.0,1502.410400390625
26-05-2006,1617.0,1633.0,2227,1636.0,1628.0,1505.184326171875
30-05-2006,1567.0,1618.0,3151,1621.0,1570.0,1451.5594482421875
31-05-2006,1559.0,1577.0,4343,1615.0,1614.0,1492.240478515625
01-06-2006,1606.0,1617.0,2511,1634.0,1630.0,1507.0330810546875
02-06-2006,1599.0,1635.0,2930,1640.0,1610.0,1488.5419921875
05-06-2006,1570.0,1608.0,5556,1608.0,1585.0,1465.4281005859375
06-06-2006,1555.0,1587.0,3643,1587.0,1578.0,1458.9561767578125
07-06-2006,1560.0,1576.0,2642,1615.0,1600.0,1479.29638671875
08-06-2006,1589.0,1600.0,4961,1636.0,1620.0,1497.7874755859375
09-06-2006,1589.0,1621.0,1658,1624.0,1612.0,1490.3912353515625
12-06-2006,1576.0,1610.0,2506,1617.0,1610.0,1488.5419921875
13-06-2006,1583.0,1603.0,3657,1625.0,1591.0,1470.975341796875
14-06-2006,1557.0,1579.0,4146,1585.0,1564.0,1459.7750244140625
15-06-2006,1568.0,1569.0,3898,1596.0,1575.0,1470.0419921875
16-06-2006,1572.0,1575.0,5783,1604.0,1588.0,1482.175537109375
19-06-2006,1580.0,1589.0,2282,1605.0,1587.0,1481.2421875
20-06-2006,1579.0,1585.0,2290,1611.0,1608.0,1500.8431396484375
21-06-2006,1592.0,1604.0,2799,1635.0,1616.0,1508.3096923828125
22-06-2006,1589.0,1606.0,2257,1624.0,1620.0,1512.0430908203125
23-06-2006,1601.0,1621.0,2584,1630.0,1606.0,1498.9761962890625
26-06-2006,1602.0,1602.0,2385,1640.0,1640.0,1530.710205078125
27-06-2006,1605.0,1645.0,2349,1661.0,1616.0,1508.3096923828125
28-06-2006,1604.0,1621.0,2578,1640.0,1614.0,1506.4432373046875
29-06-2006,1603.0,1622.0,3500,1642.0,1640.0,1530.710205078125
30-06-2006,1596.0,1645.0,7928,1648.0,1596.0,1489.6427001953125
03-07-2006,1594.0,1606.0,1845,1629.0,1629.0,1520.443603515625
05-07-2006,1605.0,1618.0,2978,1628.0,1622.0,1513.909912109375
06-07-2006,1606.0,1619.0,2172,1630.0,1619.0,1511.110107421875
07-07-2006,1594.0,1611.0,1739,1630.0,1601.0,1494.3094482421875
10-07-2006,1600.0,1606.0,2373,1620.0,1606.0,1498.9761962890625
11-07-2006,1588.0,1603.0,2691,1625.0,1620.0,1512.0430908203125
12-07-2006,1585.0,1608.0,2062,1612.0,1591.0,1484.9757080078125
13-07-2006,1571.0,1588.0,2102,1597.0,1580.0,1474.7086181640625
14-07-2006,1541.0,1578.0,2568,1581.0,1564.0,1459.7750244140625
17-07-2006,1547.0,1559.0,1845,1580.0,1547.0,1443.9080810546875
18-07-2006,1546.0,1552.0,3605,1595.0,1595.0,1488.7091064453125
19-07-2006,1591.0,1599.0,3294,1624.0,1600.0,1493.3760986328125
20-07-2006,1585.0,1600.0,2254,1613.0,1587.0,1481.2421875
21-07-2006,1385.0,1512.0,14659,1512.0,1401.0,1307.6373291015625
24-07-2006,1400.0,1401.0,7254,1481.0,1468.0,1370.1727294921875
25-07-2006,1445.0,1500.0,8635,1500.0,1483.0,1384.1728515625
26-07-2006,1437.0,1477.0,3153,1486.0,1465.0,1367.3724365234375
27-07-2006,1447.0,1466.0,2360,1485.0,1449.0,1352.4385986328125
28-07-2006,1439.0,1451.0,3753,1468.0,1462.0,1364.5721435546875
31-07-2006,1427.0,1457.0,2562,1459.0,1456.0,1358.9722900390625
01-08-2006,1412.0,1456.0,2707,1456.0,1438.0,1342.171630859375
02-08-2006,1425.0,1445.0,2812,1466.0,1462.0,1364.5721435546875
03-08-2006,1425.0,1452.0,3045,1489.0,1484.0,1385.1060791015625
04-08-2006,1471.0,1495.0,3774,1513.0,1489.0,1389.773193359375
07-08-2006,1471.0,1482.0,2864,1515.0,1504.0,1403.7733154296875
08-08-2006,1493.0,1507.0,3463,1525.0,1495.0,1395.3734130859375
09-08-2006,1439.0,1505.0,3296,1514.0,1447.0,1350.5718994140625
10-08-2006,1428.0,1438.0,3029,1450.0,1443.0,1346.83837890625
11-08-2006,1425.0,1440.0,1647,1448.0,1434.0,1338.4383544921875
14-08-2006,1415.0,1439.0,2095,1452.0,1437.0,1341.2381591796875
15-08-2006,1440.0,1449.0,2332,1475.0,1475.0,1376.7060546875
16-08-2006,1463.0,1478.0,1637,1491.0,1486.0,1386.97265625
17-08-2006,1464.0,1490.0,2167,1494.0,1475.0,1376.7060546875
18-08-2006,1454.0,1481.0,1302,1485.0,1485.0,1386.0396728515625
21-08-2006,1453.0,1478.0,890,1478.0,1463.0,1365.5057373046875
22-08-2006,1454.0,1457.0,1270,1469.0,1464.0,1366.43896484375
23-08-2006,1438.0,1470.0,1818,1470.0,1455.0,1358.03857421875
24-08-2006,1436.0,1460.0,4659,1466.0,1452.0,1355.23876953125
25-08-2006,1423.0,1450.0,2475,1460.0,1432.0,1336.57177734375
28-08-2006,1432.0,1432.0,1272,1456.0,1456.0,1358.9722900390625
29-08-2006,1420.0,1461.0,4888,1461.0,1449.0,1352.4385986328125
30-08-2006,1450.0,1455.0,3488,1477.0,1454.0,1357.1055908203125
31-08-2006,1450.0,1460.0,3360,1468.0,1454.0,1357.1055908203125
01-09-2006,1441.0,1455.0,1555,1463.0,1451.0,1354.3056640625
05-09-2006,1442.0,1457.0,2052,1468.0,1467.0,1369.239013671875
06-09-2006,1427.0,1457.0,4072,1457.0,1431.0,1335.6383056640625
07-09-2006,1415.0,1429.0,2699,1438.0,1433.0,1337.5047607421875
08-09-2006,1418.0,1435.0,2350,1435.0,1432.0,1336.57177734375
11-09-2006,1413.0,1422.0,2912,1433.0,1421.0,1326.304443359375
12-09-2006,1408.0,1422.0,3706,1456.0,1451.0,1354.3056640625
13-09-2006,1426.0,1440.0,4879,1454.0,1450.0,1367.5091552734375
14-09-2006,1428.0,1450.0,3101,1450.0,1436.0,1354.305419921875
15-09-2006,1420.0,1432.0,7092,1448.0,1438.0,1356.191650390625
18-09-2006,1410.0,1428.0,4104,1434.0,1418.0,1337.3297119140625
19-09-2006,1395.0,1414.0,3322,1415.0,1409.0,1328.841552734375
20-09-2006,1406.0,1409.0,2917,1461.0,1461.0,1377.883056640625
21-09-2006,1442.0,1467.0,3152,1467.0,1462.0,1378.8260498046875
22-09-2006,1433.0,1453.0,3391,1463.0,1462.0,1378.8260498046875
25-09-2006,1440.0,1461.0,3537,1488.0,1480.0,1395.80224609375
26-09-2006,1465.0,1484.0,2282,1489.0,1482.0,1397.6883544921875
27-09-2006,1463.0,1477.0,2086,1487.0,1470.0,1386.370849609375
28-09-2006,1464.0,1469.0,1933,1483.0,1479.0,1394.8592529296875
29-09-2006,1451.0,1476.0,2638,1479.0,1455.0,1372.2244873046875
02-10-2006,1437.0,1455.0,2602,1455.0,1446.0,1363.736572265625
03-10-2006,1414.0,1437.0,6065,1440.0,1431.0,1349.5897216796875
04-10-2006,1410.0,1431.0,3992,1456.0,1456.0,1373.167724609375
05-10-2006,1441.0,1450.0,2134,1480.0,1480.0,1395.80224609375
06-10-2006,1461.0,1472.0,3050,1499.0,1489.0,1404.290283203125
09-10-2006,1460.0,1482.0,2259,1488.0,1479.0,1394.8592529296875
10-10-2006,1450.0,1475.0,3585,1498.0,1469.0,1385.427978515625
11-10-2006,1455.0,1468.0,2116,1495.0,1486.0,1401.460693359375
12-10-2006,1493.0,1494.0,3044,1525.0,1524.0,1437.299072265625
13-10-2006,1523.0,1524.0,3345,1543.0,1540.0,1452.388916015625
16-10-2006,1535.0,1547.0,3017,1559.0,1546.0,1458.04736328125
17-10-2006,1526.0,1537.0,2793,1543.0,1542.0,1454.27490234375
18-10-2006,1534.0,1546.0,2937,1554.0,1538.0,1450.50244140625
19-10-2006,1478.0,1530.0,10048,1534.0,1487.0,1402.4039306640625
20-10-2006,1451.0,1485.0,12222,1501.0,1500.0,1414.66455078125
23-10-2006,1475.0,1480.0,3883,1495.0,1495.0,1409.94873046875
24-10-2006,1447.0,1487.0,2091,1497.0,1496.0,1410.8919677734375
25-10-2006,1478.0,1492.0,3265,1509.0,1489.0,1404.290283203125
26-10-2006,1448.0,1496.0,5256,1510.0,1508.0,1422.2091064453125
27-10-2006,1483.0,1499.0,1871,1507.0,1489.0,1404.290283203125
30-10-2006,1475.0,1480.0,2634,1493.0,1492.0,1407.1192626953125
31-10-2006,1484.0,1491.0,2579,1507.0,1503.0,1417.49365234375
01-11-2006,1470.0,1505.0,6716,1519.0,1474.0,1390.1435546875
02-11-2006,1456.0,1466.0,2989,1476.0,1470.0,1386.370849609375
03-11-2006,1433.0,1478.0,4110,1483.0,1449.0,1366.56591796875
06-11-2006,1443.0,1445.0,4609,1473.0,1459.0,1375.9971923828125
07-11-2006,1459.0,1459.0,1614,1492.0,1468.0,1384.4852294921875
08-11-2006,1450.0,1464.0,3573,1476.0,1462.0,1378.8260498046875
09-11-2006,1452.0,1463.0,2443,1478.0,1476.0,1392.02978515625
10-11-2006,1468.0,1470.0,1512,1487.0,1483.0,1398.6314697265625
13-11-2006,1470.0,1484.0,2112,1498.0,1494.0,1409.0054931640625
14-11-2006,1480.0,1492.0,3173,1520.0,1520.0,1433.5267333984375
15-11-2006,1495.0,1520.0,3360,1525.0,1505.0,1419.379638671875
16-11-2006,1501.0,1506.0,1936,1520.0,1510.0,1424.095458984375
17-11-2006,1485.0,1510.0,2561,1510.0,1506.0,1420.3231201171875
20-11-2006,1498.0,1504.0,1876,1520.0,1518.0,1431.6402587890625
21-11-2006,1497.0,1515.0,3835,1519.0,1508.0,1422.2091064453125
22-11-2006,1505.0,1509.0,1714,1519.0,1515.0,1428.811279296875
24-11-2006,1490.0,1505.0,644,1513.0,1506.0,1420.3231201171875
27-11-2006,1489.0,1495.0,3650,1501.0,1496.0,1410.8919677734375
28-11-2006,1476.0,1490.0,3468,1497.0,1490.0,1405.2335205078125
29-11-2006,1493.0,1495.0,1622,1515.0,1514.0,1427.8677978515625
30-11-2006,1487.0,1515.0,2455,1515.0,1505.0,1419.379638671875
01-12-2006,1472.0,1505.0,1996,1510.0,1489.0,1404.290283203125
04-12-2006,1483.0,1487.0,4364,1527.0,1526.0,1439.1851806640625
05-12-2006,1526.0,1530.0,2602,1547.0,1540.0,1452.388916015625
06-12-2006,1520.0,1531.0,1578,1536.0,1530.0,1442.9576416015625
07-12-2006,1527.0,1530.0,2202,1549.0,1530.0,1442.9576416015625
08-12-2006,1506.0,1525.0,1948,1530.0,1512.0,1425.9818115234375
11-12-2006,1499.0,1506.0,1272,1528.0,1524.0,1437.299072265625
12-12-2006,1510.0,1518.0,1824,1524.0,1520.0,1433.5267333984375
13-12-2006,1494.0,1515.0,2259,1520.0,1511.0,1439.2415771484375
14-12-2006,1500.0,1504.0,2309,1518.0,1512.0,1440.1943359375
15-12-2006,1491.0,1515.0,6910,1522.0,1495.0,1424.00146484375
18-12-2006,1482.0,1495.0,2734,1505.0,1487.0,1416.3814697265625
19-12-2006,1472.0,1481.0,2775,1489.0,1487.0,1416.3814697265625
20-12-2006,1483.0,1483.0,4656,1503.0,1495.0,1424.00146484375
21-12-2006,1485.0,1492.0,3479,1507.0,1498.0,1426.859130859375
22-12-2006,1489.0,1502.0,1966,1508.0,1492.0,1421.143798828125
26-12-2006,1495.0,1495.0,2899,1515.0,1509.0,1437.3365478515625
27-12-2006,1515.0,1515.0,2210,1536.0,1536.0,1463.054443359375
28-12-2006,1512.0,1528.0,1586,1540.0,1513.0,1441.146728515625
29-12-2006,1480.0,1510.0,3318,1518.0,1484.0,1413.52392578125
03-01-2007,1476.0,1495.0,3196,1514.0,1494.0,1423.048828125
04-01-2007,1463.0,1489.0,2340,1498.0,1496.0,1424.9541015625
05-01-2007,1458.0,1488.0,3032,1494.0,1461.0,1391.6160888671875
08-01-2007,1441.0,1457.0,2398,1472.0,1464.0,1394.4736328125
09-01-2007,1430.0,1466.0,2687,1478.0,1459.0,1389.71142578125
10-01-2007,1437.0,1452.0,1448,1462.0,1449.0,1380.1861572265625
11-01-2007,1447.0,1454.0,2358,1464.0,1461.0,1391.6160888671875
12-01-2007,1454.0,1457.0,1299,1476.0,1476.0,1405.90380859375
16-01-2007,1449.0,1480.0,5788,1488.0,1488.0,1417.3341064453125
17-01-2007,1463.0,1475.0,6538,1506.0,1465.0,1395.4261474609375
18-01-2007,1453.0,1463.0,4139,1480.0,1458.0,1388.758544921875
19-01-2007,1434.0,1461.0,3682,1482.0,1476.0,1405.90380859375
22-01-2007,1460.0,1473.0,3866,1505.0,1479.0,1408.761474609375
23-01-2007,1453.0,1477.0,3320,1480.0,1462.0,1392.5684814453125
24-01-2007,1456.0,1457.0,2712,1497.0,1492.0,1421.143798828125
25-01-2007,1445.0,1482.0,3370,1492.0,1449.0,1380.1861572265625
26-01-2007,1437.0,1445.0,2365,1469.0,1468.0,1398.2840576171875
29-01-2007,1456.0,1462.0,2141,1478.0,1472.0,1402.0938720703125
30-01-2007,1431.0,1463.0,5277,1465.0,1455.0,1385.901123046875
31-01-2007,1400.0,1425.0,6018,1451.0,1451.0,1382.09130859375
01-02-2007,1432.0,1457.0,3763,1457.0,1436.0,1367.803466796875
02-02-2007,1443.0,1444.0,3964,1483.0,1478.0,1407.80908203125
05-02-2007,1459.0,1479.0,2776,1485.0,1473.0,1403.0462646484375
06-02-2007,1461.0,1476.0,5438,1493.0,1485.0,1414.4761962890625
07-02-2007,1473.0,1483.0,2995,1487.0,1485.0,1414.4761962890625
08-02-2007,1467.0,1480.0,2365,1484.0,1483.0,1412.5714111328125
09-02-2007,1448.0,1484.0,2204,1493.0,1456.0,1386.853759765625
12-02-2007,1453.0,1455.0,1774,1473.0,1458.0,1388.758544921875
13-02-2007,1464.0,1465.0,2193,1481.0,1475.0,1404.9510498046875
14-02-2007,1470.0,1474.0,2022,1485.0,1472.0,1402.0938720703125
15-02-2007,1458.0,1470.0,3097,1471.0,1460.0,1390.663818359375
16-02-2007,1448.0,1459.0,2824,1474.0,1461.0,1391.6160888671875
20-02-2007,1448.0,1454.0,1640,1474.0,1473.0,1403.0462646484375
21-02-2007,1450.0,1466.0,1637,1468.0,1462.0,1392.5684814453125
22-02-2007,1445.0,1460.0,2066,1464.0,1460.0,1390.663818359375
23-02-2007,1438.0,1460.0,2136,1460.0,1444.0,1375.4234619140625
26-02-2007,1413.0,1446.0,2689,1453.0,1426.0,1358.2784423828125
27-02-2007,1389.0,1418.0,3972,1421.0,1396.0,1329.703125
28-02-2007,1375.0,1394.0,3898,1402.0,1380.0,1314.4630126953125
01-03-2007,1340.0,1361.0,4958,1387.0,1369.0,1303.9854736328125
02-03-2007,1354.0,1363.0,3368,1376.0,1354.0,1289.6976318359375
05-03-2007,1200.0,1342.0,9561,1354.0,1234.0,1175.396484375
06-03-2007,1241.0,1248.0,8965,1303.0,1295.0,1233.4996337890625
07-03-2007,1273.0,1294.0,4519,1305.0,1299.0,1237.3095703125
08-03-2007,1281.0,1307.0,5561,1310.0,1292.0,1230.6422119140625
09-03-2007,1281.0,1297.0,3845,1298.0,1290.0,1228.7369384765625
12-03-2007,1276.0,1292.0,2764,1292.0,1284.0,1223.02197265625
13-03-2007,1220.0,1271.0,4196,1276.0,1223.0,1164.9185791015625
14-03-2007,1180.0,1220.0,6112,1225.0,1222.0,1173.5621337890625
15-03-2007,1223.0,1225.0,5590,1268.0,1267.0,1216.7784423828125
16-03-2007,1256.0,1268.0,8856,1281.0,1265.0,1214.8575439453125
19-03-2007,1262.0,1270.0,3505,1275.0,1272.0,1221.580322265625
20-03-2007,1267.0,1269.0,4846,1293.0,1293.0,1241.748046875
21-03-2007,1283.0,1295.0,5753,1330.0,1328.0,1275.360595703125
22-03-2007,1285.0,1321.0,5575,1322.0,1291.0,1239.8270263671875
23-03-2007,1276.0,1294.0,3498,1295.0,1280.0,1229.2635498046875
26-03-2007,1238.0,1271.0,6677,1276.0,1248.0,1198.5316162109375
27-03-2007,1215.0,1240.0,4804,1241.0,1225.0,1176.443115234375
28-03-2007,1200.0,1215.0,6495,1225.0,1214.0,1165.87939453125
29-03-2007,1197.0,1222.0,4565,1224.0,1211.0,1162.9984130859375
30-03-2007,1194.0,1215.0,6132,1222.0,1195.0,1147.632568359375
02-04-2007,1162.0,1197.0,6198,1199.0,1171.0,1124.583740234375
03-04-2007,1171.0,1171.0,4665,1204.0,1199.0,1151.47412109375
04-04-2007,1173.0,1195.0,4997,1205.0,1178.0,1131.3065185546875
05-04-2007,1172.0,1181.0,3371,1187.0,1183.0,1136.1082763671875
09-04-2007,1160.0,1179.0,6982,1181.0,1164.0,1117.861083984375
10-04-2007,1147.0,1160.0,5621,1178.0,1150.0,1104.4163818359375
11-04-2007,1122.0,1150.0,9053,1150.0,1130.0,1085.2091064453125
12-04-2007,1126.0,1130.0,4821,1151.0,1148.0,1102.49560546875
13-04-2007,1145.0,1147.0,4200,1168.0,1167.0,1120.7423095703125
16-04-2007,1171.0,1175.0,5663,1200.0,1198.0,1150.5133056640625
17-04-2007,1186.0,1197.0,5096,1204.0,1201.0,1153.39453125
18-04-2007,1196.0,1200.0,6542,1241.0,1236.0,1187.00732421875
19-04-2007,1189.0,1230.0,4689,1240.0,1228.0,1179.3243408203125
20-04-2007,1229.0,1245.0,3248,1246.0,1237.0,1187.9677734375
23-04-2007,1214.0,1233.0,3237,1240.0,1226.0,1177.403564453125
24-04-2007,1202.0,1223.0,2887,1223.0,1210.0,1162.037841796875
25-04-2007,1210.0,1211.0,3929,1224.0,1212.0,1163.9588623046875
26-04-2007,1188.0,1210.0,4438,1210.0,1208.0,1160.1171875
27-04-2007,1175.0,1180.0,8048,1209.0,1199.0,1151.47412109375
30-04-2007,1179.0,1191.0,7061,1211.0,1180.0,1133.22705078125
01-05-2007,1165.0,1183.0,7105,1193.0,1186.0,1138.9891357421875
02-05-2007,1177.0,1187.0,6161,1229.0,1228.0,1179.3243408203125
03-05-2007,1217.0,1228.0,4401,1234.0,1233.0,1184.1263427734375
04-05-2007,1230.0,1231.0,2799,1242.0,1242.0,1192.769775390625
07-05-2007,1232.0,1240.0,3503,1254.0,1235.0,1186.046875
08-05-2007,1220.0,1234.0,2818,1254.0,1253.0,1203.33349609375
09-05-2007,1240.0,1247.0,2329,1262.0,1261.0,1211.016357421875
10-05-2007,1249.0,1251.0,4664,1268.0,1260.0,1210.0557861328125
11-05-2007,1259.0,1264.0,1864,1271.0,1270.0,1219.65966796875
14-05-2007,1248.0,1267.0,3050,1272.0,1261.0,1211.016357421875
15-05-2007,1255.0,1257.0,3114,1275.0,1261.0,1211.016357421875
16-05-2007,1256.0,1262.0,5524,1269.0,1264.0,1213.8973388671875
17-05-2007,1256.0,1265.0,2558,1269.0,1263.0,1212.9371337890625
18-05-2007,1258.0,1265.0,1493,1270.0,1269.0,1218.6993408203125
21-05-2007,1261.0,1269.0,3916,1319.0,1316.0,1263.836181640625
22-05-2007,1293.0,1314.0,4074,1347.0,1343.0,1289.7659912109375
23-05-2007,1325.0,1348.0,3076,1349.0,1343.0,1289.7659912109375
24-05-2007,1287.0,1340.0,2947,1340.0,1295.0,1243.6685791015625
25-05-2007,1297.0,1300.0,2381,1322.0,1309.0,1257.11376953125
29-05-2007,1297.0,1315.0,1736,1317.0,1305.0,1253.2725830078125
30-05-2007,1285.0,1296.0,1883,1300.0,1293.0,1241.748046875
31-05-2007,1277.0,1301.0,4206,1301.0,1286.0,1235.0252685546875
01-06-2007,1285.0,1287.0,4257,1299.0,1295.0,1243.6685791015625
04-06-2007,1280.0,1286.0,4113,1299.0,1299.0,1247.5098876953125
05-06-2007,1278.0,1289.0,2901,1299.0,1292.0,1240.787841796875
06-06-2007,1276.0,1281.0,1726,1288.0,1286.0,1235.0252685546875
07-06-2007,1275.0,1281.0,2214,1285.0,1276.0,1225.421875
08-06-2007,1264.0,1271.0,2138,1297.0,1294.0,1242.7078857421875
11-06-2007,1280.0,1288.0,2436,1295.0,1280.0,1229.2635498046875
12-06-2007,1254.0,1280.0,4130,1285.0,1257.0,1207.1748046875
13-06-2007,1241.0,1254.0,1957,1260.0,1257.0,1216.855224609375
14-06-2007,1246.0,1253.0,1358,1265.0,1258.0,1217.8236083984375
15-06-2007,1258.0,1286.0,3856,1291.0,1289.0,1247.83349609375
18-06-2007,1273.0,1287.0,1372,1290.0,1282.0,1241.05712890625
19-06-2007,1273.0,1273.0,1524,1295.0,1294.0,1252.6739501953125
20-06-2007,1276.0,1295.0,2985,1295.0,1280.0,1239.1209716796875
21-06-2007,1260.0,1273.0,2839,1288.0,1284.0,1242.9930419921875
22-06-2007,1274.0,1280.0,3797,1287.0,1275.0,1234.28076171875
25-06-2007,1256.0,1269.0,3881,1274.0,1271.0,1230.408447265625
26-06-2007,1265.0,1279.0,2566,1285.0,1271.0,1230.408447265625
27-06-2007,1225.0,1261.0,4302,1263.0,1247.0,1207.1748046875
28-06-2007,1224.0,1249.0,2188,1255.0,1237.0,1197.494140625
29-06-2007,1198.0,1243.0,4467,1243.0,1205.0,1166.516357421875
02-07-2007,1215.0,1215.0,2229,1235.0,1233.0,1193.621826171875
03-07-2007,1231.0,1234.0,938,1243.0,1242.0,1202.3348388671875
05-07-2007,1224.0,1245.0,1810,1250.0,1241.0,1201.366455078125
06-07-2007,1223.0,1239.0,1680,1241.0,1227.0,1187.813720703125
09-07-2007,1210.0,1227.0,2028,1235.0,1216.0,1177.1651611328125
10-07-2007,1143.0,1213.0,9448,1213.0,1167.0,1129.729736328125
11-07-2007,1155.0,1169.0,2417,1173.0,1165.0,1127.793701171875
12-07-2007,1166.0,1171.0,2953,1187.0,1187.0,1149.091064453125
13-07-2007,1184.0,1187.0,1412,1196.0,1191.0,1152.96337890625
16-07-2007,1181.0,1187.0,2201,1198.0,1185.0,1147.1551513671875
17-07-2007,1187.0,1191.0,1563,1203.0,1188.0,1150.059326171875
18-07-2007,1169.0,1179.0,5003,1190.0,1189.0,1151.0274658203125
19-07-2007,1178.0,1192.0,1679,1198.0,1185.0,1147.1551513671875
20-07-2007,1158.0,1182.0,3619,1184.0,1170.0,1132.6339111328125
23-07-2007,1167.0,1172.0,1976,1181.0,1169.0,1131.665771484375
24-07-2007,1110.0,1157.0,4105,1158.0,1111.0,1075.5181884765625
25-07-2007,1101.0,1119.0,3357,1140.0,1120.0,1084.23095703125
26-07-2007,1073.0,1100.0,9569,1146.0,1137.0,1100.6881103515625
27-07-2007,1107.0,1130.0,3772,1154.0,1120.0,1084.23095703125
30-07-2007,1097.0,1121.0,4667,1134.0,1124.0,1088.103271484375
31-07-2007,1066.0,1129.0,5404,1138.0,1070.0,1035.8275146484375
01-08-2007,1021.0,1075.0,7711,1085.0,1074.0,1039.69970703125
02-08-2007,1066.0,1076.0,6833,1115.0,1084.0,1049.38037109375
03-08-2007,992.0,1082.0,9251,1086.0,998.0,966.1271362304688
06-08-2007,959.0,974.0,8045,1057.0,1049.0,1015.498291015625
07-08-2007,1039.0,1046.0,7512,1106.0,1073.0,1038.7320556640625
08-08-2007,1084.0,1084.0,11508,1261.0,1187.0,1149.091064453125
09-08-2007,1147.0,1184.0,21018,1324.0,1282.0,1241.05712890625
10-08-2007,1187.0,1263.0,15372,1287.0,1188.0,1150.059326171875
13-08-2007,1090.0,1195.0,6092,1220.0,1094.0,1059.0614013671875
14-08-2007,1039.0,1095.0,4909,1110.0,1046.0,1012.5940551757812
15-08-2007,1012.0,1040.0,5778,1096.0,1049.0,1015.498291015625
16-08-2007,1025.0,1040.0,13122,1199.0,1186.0,1148.1229248046875
17-08-2007,1195.0,1195.0,9573,1315.0,1262.0,1221.6959228515625
20-08-2007,1224.0,1259.0,3562,1283.0,1252.0,1212.0150146484375
21-08-2007,1223.0,1243.0,3894,1257.0,1230.0,1190.7177734375
22-08-2007,1205.0,1246.0,4797,1255.0,1243.0,1203.3026123046875
23-08-2007,1215.0,1250.0,2384,1255.0,1225.0,1185.87744140625
24-08-2007,1195.0,1227.0,2569,1227.0,1218.0,1179.1009521484375
27-08-2007,1195.0,1218.0,2142,1219.0,1206.0,1167.484130859375
28-08-2007,1153.0,1197.0,5643,1214.0,1167.0,1129.729736328125
29-08-2007,1174.0,1175.0,5097,1236.0,1210.0,1171.3564453125
30-08-2007,1183.0,1194.0,2331,1226.0,1215.0,1176.197021484375
31-08-2007,1207.0,1238.0,3380,1248.0,1230.0,1190.7177734375
04-09-2007,1223.0,1223.0,5674,1322.0,1308.0,1266.226806640625
05-09-2007,1255.0,1307.0,4666,1307.0,1270.0,1229.4404296875
06-09-2007,1233.0,1283.0,2133,1283.0,1259.0,1218.7916259765625
07-09-2007,1205.0,1247.0,5317,1301.0,1210.0,1171.3564453125
10-09-2007,1178.0,1221.0,3310,1222.0,1189.0,1151.0274658203125
11-09-2007,1183.0,1194.0,3197,1232.0,1224.0,1184.909423828125
12-09-2007,1188.0,1200.0,6039,1221.0,1195.0,1166.36474609375
13-09-2007,1184.0,1202.0,1465,1219.0,1202.0,1173.197021484375
14-09-2007,1172.0,1185.0,2618,1211.0,1211.0,1181.9814453125
17-09-2007,1199.0,1205.0,6258,1258.0,1234.0,1204.4300537109375
18-09-2007,1232.0,1239.0,6598,1276.0,1271.0,1240.54345703125
19-09-2007,1267.0,1283.0,5415,1293.0,1288.0,1257.1363525390625
20-09-2007,1253.0,1280.0,3124,1292.0,1289.0,1258.1123046875
21-09-2007,1258.0,1292.0,4356,1301.0,1283.0,1252.2559814453125
24-09-2007,1165.0,1275.0,8022,1285.0,1165.0,1137.083740234375
25-09-2007,985.0,1152.0,16712,1152.0,1010.0,985.7978515625
26-09-2007,978.0,1010.0,9097,1020.0,993.0,969.2052001953125
27-09-2007,978.0,998.0,5203,1003.0,982.0,958.46875
28-09-2007,968.0,988.0,5250,1005.0,973.0,949.6842651367188
01-10-2007,926.0,975.0,7492,992.0,971.0,947.7323608398438
02-10-2007,975.0,980.0,4890,1007.0,998.0,974.08544921875
03-10-2007,985.0,989.0,5765,1021.0,1010.0,985.7978515625
04-10-2007,1003.0,1010.0,5185,1030.0,1020.0,995.55810546875
05-10-2007,1000.0,1032.0,2934,1032.0,1023.0,998.4862060546875
08-10-2007,997.0,1023.0,3577,1032.0,998.0,974.08544921875
09-10-2007,991.0,1000.0,3061,1009.0,998.0,974.08544921875
10-10-2007,960.0,998.0,4572,1003.0,961.0,937.971923828125
11-10-2007,921.0,966.0,6469,989.0,921.0,898.9305419921875
12-10-2007,911.0,911.0,2317,942.0,929.0,906.7388305664062
15-10-2007,883.0,923.0,5704,926.0,883.0,861.841064453125
16-10-2007,859.0,879.0,4788,886.0,859.0,838.4160766601562
17-10-2007,827.0,869.0,5420,869.0,847.0,826.7036743164062
18-10-2007,823.0,844.0,4295,849.0,840.0,819.871337890625
19-10-2007,795.0,844.0,6844,844.0,796.0,776.9259033203125
22-10-2007,779.0,792.0,4632,843.0,837.0,816.9432373046875
23-10-2007,787.0,846.0,6213,848.0,820.0,800.3507080078125
24-10-2007,798.0,815.0,4021,825.0,815.0,795.470703125
25-10-2007,781.0,817.0,3870,825.0,790.0,771.069580078125
26-10-2007,781.0,805.0,3690,829.0,825.0,805.2308959960938
29-10-2007,799.0,825.0,2473,833.0,818.0,798.3986206054688
30-10-2007,808.0,813.0,4800,825.0,825.0,805.2308959960938
31-10-2007,791.0,800.0,11937,828.0,809.0,789.6143798828125
01-11-2007,690.0,795.0,19576,800.0,695.0,678.3461303710938
02-11-2007,601.0,700.0,27198,703.0,607.0,592.4547729492188
05-11-2007,580.0,607.0,13509,614.0,590.0,575.8619384765625
06-11-2007,609.0,627.0,9968,648.0,648.0,632.47216796875
07-11-2007,591.0,645.0,8161,645.0,595.0,580.7422485351562
08-11-2007,600.0,600.0,12289,666.0,664.0,648.0890502929688
09-11-2007,645.0,655.0,10689,702.0,696.0,679.3221435546875
12-11-2007,686.0,686.0,6206,733.0,706.0,689.08251953125
13-11-2007,713.0,718.0,13805,780.0,771.0,752.5247802734375
14-11-2007,694.0,774.0,7546,792.0,694.0,677.3699340820312
15-11-2007,688.0,693.0,5699,729.0,695.0,678.3461303710938
16-11-2007,675.0,697.0,5039,716.0,700.0,683.2262573242188
19-11-2007,651.0,694.0,4539,695.0,667.0,651.0170288085938
20-11-2007,615.0,666.0,5543,667.0,649.0,633.4481201171875
21-11-2007,631.0,647.0,4467,661.0,631.0,615.879638671875
23-11-2007,630.0,637.0,2305,658.0,651.0,635.400390625
26-11-2007,606.0,649.0,5415,652.0,612.0,597.3348999023438
27-11-2007,608.0,612.0,4088,634.0,611.0,596.3587646484375
28-11-2007,611.0,611.0,4465,650.0,636.0,620.7598266601562
29-11-2007,617.0,636.0,3977,636.0,624.0,609.04736328125
30-11-2007,627.0,646.0,6749,694.0,630.0,614.9035034179688
03-12-2007,620.0,623.0,3417,649.0,622.0,607.0952758789062
04-12-2007,602.0,620.0,2257,624.0,606.0,591.4786987304688
05-12-2007,608.0,614.0,4985,651.0,649.0,633.4481201171875
06-12-2007,636.0,647.0,6617,694.0,692.0,675.4179077148438
07-12-2007,683.0,683.0,7642,740.0,726.0,708.6032104492188
10-12-2007,715.0,726.0,4563,742.0,723.0,705.675048828125
11-12-2007,723.0,728.0,11488,803.0,728.0,710.5552978515625
12-12-2007,681.0,747.0,4580,766.0,691.0,679.1060791015625
13-12-2007,680.0,686.0,3613,722.0,717.0,704.658447265625
14-12-2007,687.0,702.0,9719,728.0,714.0,701.7102661132812
17-12-2007,669.0,705.0,3173,714.0,669.0,657.4846801757812
18-12-2007,653.0,676.0,7285,707.0,695.0,683.0374145507812
19-12-2007,671.0,704.0,2602,704.0,673.0,661.4159545898438
20-12-2007,653.0,675.0,4505,705.0,702.0,689.9168090820312
21-12-2007,707.0,721.0,10396,746.0,746.0,733.1593017578125
24-12-2007,720.0,746.0,2716,764.0,751.0,738.0733642578125
26-12-2007,715.0,759.0,3345,759.0,740.0,727.2626342773438
27-12-2007,704.0,724.0,3124,738.0,711.0,698.7617797851562
28-12-2007,680.0,715.0,3368,722.0,691.0,679.1060791015625
31-12-2007,654.0,681.0,6265,707.0,697.0,685.0028076171875
02-01-2008,646.0,694.0,3525,701.0,656.0,644.70849609375
03-01-2008,643.0,653.0,4416,689.0,649.0,637.828857421875
04-01-2008,600.0,643.0,4941,647.0,601.0,590.6552124023438
07-01-2008,605.0,615.0,6769,632.0,611.0,600.4829711914062
08-01-2008,540.0,613.0,7750,619.0,544.0,534.6362915039062
09-01-2008,541.0,544.0,7252,584.0,574.0,564.1199340820312
10-01-2008,542.0,560.0,6191,599.0,576.0,566.0855102539062
11-01-2008,558.0,575.0,4052,598.0,566.0,556.2576293945312
14-01-2008,569.0,577.0,4058,599.0,593.0,582.79296875
15-01-2008,562.0,586.0,3771,590.0,576.0,566.0855102539062
16-01-2008,576.0,576.0,4467,620.0,609.0,598.5175170898438
17-01-2008,565.0,610.0,4286,615.0,573.0,563.1370849609375
18-01-2008,526.0,567.0,6259,584.0,540.0,530.7052001953125
22-01-2008,506.0,519.0,6848,636.0,600.0,589.6724853515625
23-01-2008,571.0,585.0,9968,719.0,696.0,684.0200805664062
24-01-2008,659.0,696.0,4726,713.0,709.0,696.7962646484375
25-01-2008,716.0,725.0,9533,795.0,756.0,742.9873046875
28-01-2008,728.0,744.0,14238,903.0,897.0,881.5601806640625
29-01-2008,788.0,912.0,9233,912.0,831.0,816.6963500976562
30-01-2008,709.0,769.0,19646,825.0,723.0,710.5552368164062
31-01-2008,705.0,710.0,17557,859.0,820.0,805.8856201171875
01-02-2008,800.0,842.0,8815,849.0,826.0,811.7822875976562
04-02-2008,791.0,822.0,5689,836.0,820.0,805.8856201171875
05-02-2008,782.0,800.0,5316,831.0,795.0,781.31591796875
06-02-2008,780.0,805.0,5487,819.0,789.0,775.419189453125
07-02-2008,771.0,786.0,7018,830.0,827.0,812.7650756835938
08-02-2008,765.0,822.0,7529,840.0,797.0,783.281494140625
11-02-2008,785.0,804.0,5650,824.0,796.0,782.2987670898438
12-02-2008,781.0,802.0,4242,829.0,795.0,781.31591796875
13-02-2008,800.0,803.0,4271,823.0,820.0,805.8856201171875
14-02-2008,789.0,816.0,5021,825.0,801.0,787.212646484375
15-02-2008,758.0,794.0,2352,805.0,802.0,788.1953735351562
19-02-2008,797.0,811.0,3054,820.0,800.0,786.2299194335938
20-02-2008,750.0,796.0,4757,796.0,786.0,772.4708862304688
21-02-2008,752.0,791.0,5168,809.0,754.0,741.0216064453125
22-02-2008,710.0,754.0,3898,756.0,750.0,737.0904541015625
25-02-2008,711.0,745.0,4376,777.0,771.0,757.72900390625
26-02-2008,753.0,760.0,3899,790.0,777.0,763.6256103515625
27-02-2008,762.0,769.0,3995,810.0,808.0,794.0919799804688
28-02-2008,758.0,803.0,4978,803.0,788.0,774.4364624023438
29-02-2008,712.0,777.0,5034,777.0,716.0,703.6756591796875
03-03-2008,675.0,715.0,5035,733.0,680.0,668.2953491210938
04-03-2008,644.0,674.0,3941,685.0,668.0,656.5018920898438
05-03-2008,631.0,673.0,4658,681.0,632.0,621.1217041015625
06-03-2008,590.0,625.0,6047,625.0,603.0,592.6207885742188
07-03-2008,563.0,594.0,4953,630.0,600.0,589.6724853515625
10-03-2008,574.0,603.0,3648,610.0,577.0,567.068359375
11-03-2008,595.0,595.0,5649,650.0,647.0,635.8633422851562
12-03-2008,610.0,645.0,4276,664.0,615.0,604.4141845703125
13-03-2008,565.0,608.0,7265,610.0,592.0,581.81005859375
14-03-2008,558.0,598.0,5810,598.0,560.0,550.3609008789062
17-03-2008,538.0,545.0,3808,590.0,566.0,556.2576293945312
18-03-2008,580.0,588.0,4073,644.0,643.0,631.9322509765625
19-03-2008,625.0,649.0,5252,677.0,625.0,614.2420654296875
20-03-2008,653.0,661.0,17898,802.0,787.0,773.4537353515625
24-03-2008,772.0,780.0,9529,820.0,778.0,764.6085205078125
25-03-2008,771.0,772.0,5085,804.0,800.0,786.2299194335938
26-03-2008,762.0,794.0,4446,794.0,787.0,773.4537353515625
27-03-2008,744.0,786.0,4054,789.0,744.0,731.1937866210938
28-03-2008,695.0,751.0,5398,753.0,700.0,687.951171875
31-03-2008,694.0,700.0,4549,737.0,722.0,709.5723876953125
01-04-2008,725.0,733.0,4132,758.0,749.0,736.1077270507812
02-04-2008,741.0,741.0,3997,782.0,753.0,740.0389404296875
03-04-2008,726.0,754.0,2789,757.0,739.0,726.2798461914062
04-04-2008,713.0,741.0,1883,741.0,726.0,713.503662109375
07-04-2008,715.0,734.0,3473,748.0,717.0,704.658447265625
08-04-2008,700.0,720.0,1631,720.0,712.0,699.7445068359375
09-04-2008,660.0,714.0,4939,721.0,660.0,648.6397094726562
10-04-2008,655.0,661.0,2910,699.0,680.0,668.2953491210938
11-04-2008,640.0,671.0,2621,688.0,641.0,629.9666748046875
14-04-2008,631.0,641.0,3150,665.0,641.0,629.9666748046875
15-04-2008,625.0,644.0,18890,650.0,640.0,628.98388671875
16-04-2008,640.0,647.0,16728,671.0,659.0,647.6567993164062
17-04-2008,640.0,655.0,6994,689.0,673.0,661.4159545898438
18-04-2008,679.0,690.0,3466,713.0,687.0,675.1748657226562
21-04-2008,594.0,680.0,9613,680.0,597.0,586.7239990234375
22-04-2008,600.0,602.0,8092,639.0,600.0,589.6724853515625
23-04-2008,588.0,605.0,18876,691.0,600.0,589.6724853515625
24-04-2008,600.0,601.0,26558,625.0,608.0,597.5347290039062
25-04-2008,597.0,617.0,21184,639.0,634.0,623.087158203125
28-04-2008,614.0,636.0,4622,654.0,637.0,626.0354614257812
29-04-2008,618.0,635.0,3718,641.0,627.0,616.207763671875
30-04-2008,612.0,628.0,4296,638.0,612.0,601.4658813476562
01-05-2008,615.0,615.0,5769,683.0,664.0,652.5709228515625
02-05-2008,615.0,658.0,5752,672.0,618.0,607.362548828125
05-05-2008,607.0,620.0,4333,634.0,615.0,604.4141845703125
06-05-2008,602.0,610.0,4484,621.0,616.0,605.3969116210938
07-05-2008,590.0,615.0,5568,615.0,594.0,583.7758178710938
08-05-2008,585.0,599.0,3089,601.0,587.0,576.8961181640625
09-05-2008,575.0,585.0,2602,594.0,581.0,570.9994506835938
12-05-2008,585.0,587.0,1973,609.0,605.0,594.5863647460938
13-05-2008,585.0,607.0,1431,609.0,592.0,581.81005859375
14-05-2008,588.0,592.0,3397,604.0,588.0,577.8790283203125
15-05-2008,591.0,591.0,2781,603.0,595.0,584.7584838867188
16-05-2008,465.0,565.0,44181,588.0,485.0,476.6518249511719
19-05-2008,487.0,510.0,17151,510.0,490.0,481.56585693359375
20-05-2008,455.0,489.0,6168,490.0,468.0,459.94451904296875
21-05-2008,464.0,467.0,4406,485.0,470.0,461.9100341796875
22-05-2008,454.0,470.0,3961,473.0,461.0,453.06494140625
23-05-2008,436.0,462.0,4757,470.0,456.0,448.1510314941406
27-05-2008,447.0,456.0,5362,472.0,467.0,458.9617004394531
28-05-2008,452.0,466.0,4175,478.0,459.0,451.0993957519531
29-05-2008,456.0,458.0,3213,473.0,471.0,462.892822265625
30-05-2008,452.0,470.0,4494,477.0,475.0,466.82391357421875
02-06-2008,448.0,470.0,5153,472.0,469.0,460.9272155761719
03-06-2008,456.0,471.0,2556,471.0,462.0,454.04779052734375
04-06-2008,454.0,463.0,3326,468.0,459.0,451.0993957519531
05-06-2008,455.0,461.0,4602,482.0,478.0,469.77239990234375
06-06-2008,468.0,471.0,6916,477.0,475.0,466.82391357421875
09-06-2008,426.0,479.0,4503,479.0,445.0,437.34033203125
10-06-2008,426.0,448.0,3832,452.0,433.0,425.5469055175781
11-06-2008,366.0,433.0,6005,433.0,387.0,380.3387756347656
12-06-2008,378.0,387.0,6028,423.0,402.0,395.08056640625
13-06-2008,379.0,405.0,3071,419.0,395.0,388.20098876953125
16-06-2008,382.0,393.0,3023,399.0,386.0,379.35589599609375
17-06-2008,373.0,395.0,3711,409.0,383.0,376.4075622558594
18-06-2008,329.0,383.0,6034,385.0,349.0,342.9927673339844
19-06-2008,330.0,350.0,5817,356.0,342.0,336.1133117675781
20-06-2008,316.0,347.0,8486,347.0,321.0,315.4747619628906
23-06-2008,275.0,324.0,11646,326.0,282.0,277.1460876464844
24-06-2008,266.0,282.0,13753,298.0,278.0,273.21484375
25-06-2008,284.0,290.0,5929,313.0,304.0,298.7673645019531
26-06-2008,277.0,300.0,5578,312.0,298.0,292.8706359863281
27-06-2008,298.0,298.0,8210,314.0,310.0,304.6640625
30-06-2008,295.0,312.0,5718,335.0,301.0,295.8190002441406
01-07-2008,284.0,298.0,4118,305.0,297.0,291.8879089355469
02-07-2008,280.0,294.0,4861,311.0,280.0,275.1804504394531
03-07-2008,282.0,282.0,2802,320.0,308.0,302.6984558105469
07-07-2008,275.0,304.0,4317,320.0,290.0,285.0082702636719
08-07-2008,271.0,294.0,4515,306.0,306.0,300.7329406738281
09-07-2008,277.0,302.0,3567,302.0,279.0,274.1976013183594
10-07-2008,270.0,295.0,2137,295.0,291.0,285.99114990234375
11-07-2008,263.0,290.0,2860,290.0,284.0,279.1115417480469
14-07-2008,305.0,359.0,7161,399.0,315.0,309.57794189453125
15-07-2008,300.0,329.0,6180,355.0,347.0,341.02716064453125
16-07-2008,325.0,343.0,9382,395.0,380.0,373.45916748046875
17-07-2008,379.0,387.0,20350,429.0,405.0,398.0288391113281
18-07-2008,352.0,480.0,14576,480.0,384.0,377.39031982421875
21-07-2008,385.0,385.0,12342,448.0,421.0,413.75347900390625
22-07-2008,420.0,420.0,11895,458.0,428.0,420.63299560546875
23-07-2008,423.0,428.0,9198,464.0,446.0,438.3231506347656
24-07-2008,400.0,449.0,4953,450.0,409.0,401.9599914550781
25-07-2008,406.0,419.0,4060,440.0,422.0,414.736328125
28-07-2008,408.0,416.0,4837,439.0,409.0,401.9599914550781
29-07-2008,410.0,410.0,4082,452.0,448.0,440.2887268066406
30-07-2008,432.0,453.0,4313,464.0,453.0,445.20269775390625
31-07-2008,439.0,443.0,7400,466.0,444.0,436.3576354980469
01-08-2008,444.0,445.0,2930,466.0,464.0,456.0132751464844
04-08-2008,451.0,464.0,4426,473.0,460.0,452.08221435546875
05-08-2008,460.0,469.0,3802,472.0,472.0,463.8755798339844
06-08-2008,461.0,470.0,3919,477.0,474.0,465.8412170410156
07-08-2008,406.0,461.0,11776,472.0,407.0,399.9944152832031
08-08-2008,410.0,414.0,5876,450.0,442.0,434.3919982910156
11-08-2008,434.0,439.0,5696,475.0,470.0,461.9100341796875
12-08-2008,437.0,475.0,4009,478.0,439.0,431.4436340332031
13-08-2008,437.0,437.0,9358,460.0,454.0,446.1854553222656
14-08-2008,450.0,450.0,3641,465.0,460.0,452.08221435546875
15-08-2008,456.0,469.0,5448,472.0,468.0,459.94451904296875
18-08-2008,452.0,469.0,3563,471.0,454.0,446.1854553222656
19-08-2008,441.0,449.0,2526,460.0,449.0,441.2715148925781
20-08-2008,430.0,450.0,2583,460.0,443.0,435.374755859375
21-08-2008,420.0,438.0,3192,446.0,422.0,414.736328125
22-08-2008,428.0,429.0,2823,459.0,449.0,441.2715148925781
25-08-2008,433.0,445.0,3640,451.0,438.0,430.46087646484375
26-08-2008,430.0,438.0,2614,452.0,440.0,432.4263916015625
27-08-2008,435.0,441.0,3297,450.0,440.0,432.4263916015625
28-08-2008,436.0,442.0,2607,450.0,449.0,441.2715148925781
29-08-2008,436.0,442.0,2316,449.0,443.0,435.374755859375
02-09-2008,420.0,455.0,3182,455.0,422.0,414.736328125
03-09-2008,420.0,424.0,6633,442.0,436.0,428.4952392578125
04-09-2008,410.0,431.0,3949,433.0,410.0,402.94281005859375
05-09-2008,394.0,410.0,3358,415.0,405.0,398.0288391113281
08-09-2008,425.0,427.0,9479,463.0,463.0,455.0305480957031
09-09-2008,439.0,469.0,6788,469.0,442.0,434.3919982910156
10-09-2008,410.0,447.0,6619,456.0,426.0,418.6673889160156
11-09-2008,388.0,413.0,4532,417.0,413.0,405.8911437988281
12-09-2008,395.0,412.0,7295,424.0,415.0,407.85675048828125
15-09-2008,355.0,392.0,5040,412.0,368.0,361.66571044921875
16-09-2008,351.0,369.0,8437,395.0,394.0,387.2182312011719
17-09-2008,364.0,388.0,4796,400.0,387.0,380.3387756347656
18-09-2008,353.0,387.0,7113,406.0,406.0,399.0116271972656
19-09-2008,404.0,473.0,20161,525.0,490.0,481.56585693359375
22-09-2008,410.0,472.0,5302,472.0,450.0,442.25433349609375
23-09-2008,421.0,435.0,4213,480.0,461.0,453.06494140625
24-09-2008,425.0,428.0,5003,498.0,453.0,445.20269775390625
25-09-2008,426.0,455.0,4698,465.0,450.0,442.25433349609375
26-09-2008,395.0,418.0,3728,430.0,414.0,406.87396240234375
29-09-2008,327.0,401.0,6995,401.0,367.0,360.6829528808594
30-09-2008,209.0,367.0,16260,367.0,298.0,292.8706359863281
01-10-2008,298.0,346.0,6913,346.0,342.0,336.1133117675781
02-10-2008,305.0,333.0,3786,343.0,311.0,305.6468505859375
03-10-2008,290.0,317.0,4741,340.0,296.0,290.905029296875
06-10-2008,252.0,280.0,5315,299.0,275.0,270.2664794921875
07-10-2008,236.0,275.0,3933,301.0,237.0,232.9206085205078
08-10-2008,202.0,260.0,5820,260.0,224.0,220.1443634033203
09-10-2008,153.0,215.0,6859,250.0,153.0,150.36647033691406
10-10-2008,134.0,148.0,9015,240.0,240.0,235.8689727783203
13-10-2008,210.0,261.0,2980,266.0,239.0,234.88619995117188
14-10-2008,220.0,256.0,4227,256.0,223.0,219.1615753173828
15-10-2008,199.0,215.0,4043,229.0,199.0,195.57469177246094
16-10-2008,200.0,214.0,3828,239.0,231.0,227.02389526367188
17-10-2008,200.0,224.0,4661,231.0,211.0,207.3681640625
20-10-2008,211.0,216.0,2489,223.0,223.0,219.1615753173828
21-10-2008,205.0,218.0,2630,221.0,208.0,204.41976928710938
22-10-2008,200.0,206.0,1593,219.0,200.0,196.55747985839844
23-10-2008,185.0,205.0,3917,205.0,198.0,194.59190368652344
24-10-2008,150.0,175.0,4641,185.0,177.0,173.95338439941406
27-10-2008,167.0,177.0,4488,216.0,180.0,176.90171813964844
28-10-2008,173.0,180.0,4344,200.0,188.0,184.76400756835938
29-10-2008,185.0,188.0,4484,206.0,198.0,194.59190368652344
30-10-2008,198.0,214.0,4047,231.0,231.0,227.02389526367188
31-10-2008,155.0,175.0,22988,200.0,190.0,186.72958374023438
03-11-2008,160.0,189.0,5185,190.0,164.0,161.1771240234375
04-11-2008,151.0,175.0,6380,175.0,162.0,159.21153259277344
05-11-2008,140.0,160.0,6995,166.0,141.0,138.5730438232422
06-11-2008,125.0,140.0,5857,145.0,127.0,124.81400299072266
07-11-2008,122.0,129.0,4056,129.0,124.0,121.86563110351562
10-11-2008,111.0,130.0,6017,139.0,111.0,109.08940887451172
11-11-2008,90.0,110.0,4436,124.0,96.0,94.34757995605469
12-11-2008,65.0,80.0,8690,100.0,65.0,63.881168365478516
13-11-2008,58.0,70.0,13222,72.0,61.0,59.95002365112305
14-11-2008,54.0,82.0,18382,109.0,59.0,57.98444747924805
17-11-2008,60.0,60.0,5830,75.0,65.0,63.881168365478516
18-11-2008,65.0,74.0,3456,74.0,69.0,67.81231689453125
19-11-2008,60.0,76.0,4213,77.0,60.0,58.96724319458008
20-11-2008,50.0,60.0,3867,60.0,50.0,49.13936996459961
21-11-2008,40.0,54.0,5436,60.0,50.0,49.13936996459961
24-11-2008,50.0,54.0,3811,62.0,59.0,57.98444747924805
25-11-2008,57.0,68.0,7241,71.0,68.0,66.82953643798828
26-11-2008,65.0,71.0,11699,77.0,73.0,71.74348449707031
28-11-2008,69.0,72.0,1886,77.0,71.0,69.77788543701172
01-12-2008,61.0,73.0,3753,89.0,61.0,59.95002365112305
02-12-2008,64.0,73.0,3964,75.0,70.0,68.79511260986328
03-12-2008,66.0,70.0,4417,84.0,73.0,71.74348449707031
04-12-2008,60.0,72.0,3389,77.0,60.0,58.96724319458008
05-12-2008,60.0,61.0,5829,68.0,63.0,61.91559600830078
08-12-2008,60.0,66.0,6616,70.0,61.0,59.95002365112305
09-12-2008,51.0,61.0,5598,69.0,56.0,55.03609085083008
10-12-2008,52.0,56.0,2709,60.0,57.0,56.01887893676758
11-12-2008,51.0,57.0,3297,60.0,54.0,53.070526123046875
12-12-2008,51.0,51.0,2096,59.0,59.0,57.98444747924805
15-12-2008,52.0,60.0,3417,60.0,52.0,51.104942321777344
16-12-2008,53.0,53.0,5297,64.0,60.0,58.96724319458008
17-12-2008,52.0,58.0,5176,65.0,60.0,58.96724319458008
18-12-2008,65.0,65.0,30031,129.0,74.0,72.72625732421875
19-12-2008,62.0,80.0,31941,92.0,92.0,90.41642761230469
22-12-2008,74.0,85.0,8647,87.0,78.0,76.65740966796875
23-12-2008,69.0,78.0,4640,80.0,70.0,68.79511260986328
24-12-2008,70.0,71.0,2255,78.0,77.0,75.67461395263672
26-12-2008,73.0,79.0,4015,79.0,75.0,73.70906066894531
29-12-2008,66.0,74.0,5112,76.0,69.0,67.81231689453125
30-12-2008,67.0,70.0,4902,71.0,70.0,68.79511260986328
31-12-2008,67.0,67.0,5646,74.0,71.0,69.77788543701172
02-01-2009,79.0,82.0,21723,115.0,109.0,107.12380981445312
05-01-2009,93.0,108.0,25945,112.0,95.0,93.36479187011719
06-01-2009,93.0,95.0,11885,100.0,94.0,92.38200378417969
07-01-2009,86.0,90.0,5808,93.0,89.0,87.46806335449219
08-01-2009,85.0,85.0,4817,91.0,91.0,89.43365478515625
09-01-2009,86.0,92.0,2927,92.0,86.0,84.51969146728516
12-01-2009,86.0,87.0,4459,90.0,87.0,85.50251007080078
13-01-2009,85.0,87.0,1664,90.0,87.0,85.50251007080078
14-01-2009,83.0,90.0,4930,91.0,84.0,82.55413055419922
15-01-2009,75.0,84.0,4488,90.0,86.0,84.51969146728516
16-01-2009,77.0,87.0,4716,90.0,90.0,88.45085906982422
20-01-2009,79.0,87.0,3616,87.0,80.0,78.62298583984375
21-01-2009,79.0,88.0,3295,88.0,82.0,80.58856201171875
22-01-2009,75.0,79.0,1691,81.0,75.0,73.70906066894531
23-01-2009,72.0,73.0,2075,80.0,79.0,77.64021301269531
26-01-2009,75.0,80.0,2010,82.0,80.0,78.62298583984375
27-01-2009,77.0,78.0,1715,81.0,77.0,75.67461395263672
28-01-2009,71.0,85.0,4956,85.0,73.0,71.74348449707031
29-01-2009,69.0,73.0,4245,85.0,69.0,67.81231689453125
30-01-2009,60.0,72.0,8556,76.0,60.0,58.96724319458008
02-02-2009,64.0,64.0,5502,84.0,77.0,75.67461395263672
03-02-2009,71.0,77.0,2351,82.0,72.0,70.76068878173828
04-02-2009,68.0,73.0,3322,78.0,68.0,66.82953643798828
05-02-2009,65.0,68.0,4629,71.0,70.0,68.79511260986328
06-02-2009,69.0,69.0,3954,81.0,78.0,76.65740966796875
09-02-2009,79.0,85.0,4559,85.0,81.0,79.60576629638672
10-02-2009,77.0,81.0,3945,85.0,77.0,75.67461395263672
11-02-2009,75.0,78.0,1291,81.0,77.0,75.67461395263672
12-02-2009,69.0,74.0,1611,80.0,76.0,74.69184112548828
13-02-2009,73.0,77.0,1286,78.0,74.0,72.72625732421875
17-02-2009,74.0,75.0,2904,80.0,74.0,72.72625732421875
18-02-2009,70.0,76.0,1335,80.0,72.0,70.76068878173828
19-02-2009,70.0,74.0,1300,77.0,70.0,68.79511260986328
20-02-2009,65.0,69.0,2930,77.0,69.0,67.81231689453125
23-02-2009,69.0,69.0,2172,72.0,69.0,67.81231689453125
24-02-2009,68.0,72.0,2993,77.0,77.0,75.67461395263672
25-02-2009,66.0,77.0,1805,77.0,68.0,66.82953643798828
26-02-2009,65.0,80.0,1795,80.0,67.0,65.84674835205078
27-02-2009,65.0,65.0,5283,78.0,78.0,76.65740966796875
02-03-2009,66.0,75.0,1542,75.0,66.0,64.86396789550781
03-03-2009,67.0,67.0,4980,75.0,69.0,67.81231689453125
04-03-2009,68.0,71.0,1228,73.0,70.0,68.79511260986328
05-03-2009,53.0,68.0,2882,70.0,53.0,52.087730407714844
06-03-2009,59.0,59.0,2425,67.0,62.0,60.93281555175781
09-03-2009,58.0,62.0,2042,71.0,63.0,61.91559600830078
10-03-2009,66.0,66.0,2126,70.0,69.0,67.81231689453125
11-03-2009,64.0,69.0,1534,72.0,65.0,63.881168365478516
12-03-2009,65.0,65.0,2644,72.0,70.0,68.79511260986328
13-03-2009,67.0,71.0,2084,73.0,68.0,66.82953643798828
16-03-2009,65.0,68.0,2393,70.0,69.0,67.81231689453125
17-03-2009,69.0,70.0,1688,73.0,73.0,71.74348449707031
18-03-2009,70.0,72.0,2436,76.0,76.0,74.69184112548828
19-03-2009,72.0,77.0,2924,80.0,78.0,76.65740966796875
20-03-2009,75.0,85.0,5792,85.0,83.0,81.57136535644531
23-03-2009,74.0,85.0,5441,89.0,89.0,87.46806335449219
24-03-2009,77.0,89.0,6215,89.0,80.0,78.62298583984375
25-03-2009,73.0,82.0,4321,86.0,85.0,83.53691864013672
26-03-2009,79.0,80.0,4381,89.0,89.0,87.46806335449219
27-03-2009,81.0,87.0,1999,89.0,82.0,80.58856201171875
30-03-2009,80.0,80.0,5935,88.0,88.0,86.48528289794922
31-03-2009,75.0,82.0,26221,99.0,75.0,73.70906066894531
01-04-2009,76.0,78.0,7013,87.0,82.0,80.58856201171875
02-04-2009,84.0,87.0,6672,95.0,93.0,91.39922332763672
03-04-2009,86.0,92.0,4282,95.0,95.0,93.36479187011719
06-04-2009,89.0,93.0,2786,94.0,92.0,90.41642761230469
07-04-2009,83.0,90.0,4955,93.0,90.0,88.45085906982422
08-04-2009,86.0,91.0,1806,92.0,89.0,87.46806335449219
09-04-2009,87.0,87.0,6371,97.0,95.0,93.36479187011719
13-04-2009,92.0,97.0,12147,120.0,112.0,110.07218170166016
14-04-2009,107.0,120.0,13165,124.0,110.0,108.10659790039062
15-04-2009,104.0,110.0,5713,115.0,112.0,110.07218170166016
16-04-2009,109.0,115.0,8457,125.0,123.0,120.88285064697266
17-04-2009,121.0,127.0,9496,131.0,126.0,123.83119201660156
20-04-2009,107.0,129.0,11724,129.0,121.0,118.91727447509766
21-04-2009,107.0,108.0,8719,123.0,107.0,105.15824890136719
22-04-2009,95.0,119.0,19370,119.0,119.0,116.95169067382812
23-04-2009,114.0,120.0,7553,120.0,116.0,114.0033187866211
24-04-2009,114.0,114.0,8857,128.0,126.0,123.83119201660156
27-04-2009,117.0,121.0,6511,129.0,127.0,124.81400299072266
28-04-2009,122.0,128.0,3749,131.0,127.0,124.81400299072266
29-04-2009,128.0,128.0,8389,147.0,147.0,144.46975708007812
30-04-2009,128.0,145.0,14829,149.0,145.0,142.50413513183594
01-05-2009,135.0,145.0,4419,145.0,142.0,139.55577087402344
04-05-2009,143.0,148.0,9940,188.0,152.0,149.38368225097656
05-05-2009,149.0,152.0,10677,165.0,157.0,154.29759216308594
06-05-2009,156.0,165.0,8259,180.0,180.0,176.90171813964844
07-05-2009,187.0,199.0,17392,222.0,192.0,188.69515991210938
08-05-2009,187.0,210.0,11701,210.0,190.0,186.72958374023438
11-05-2009,157.0,190.0,10920,190.0,158.0,155.28042602539062
12-05-2009,150.0,166.0,14689,177.0,154.0,151.34922790527344
13-05-2009,115.0,147.0,14887,154.0,120.0,117.93448638916016
14-05-2009,123.0,124.0,9041,150.0,137.0,134.64186096191406
15-05-2009,123.0,137.0,8339,140.0,127.0,124.81400299072266
18-05-2009,130.0,130.0,8147,159.0,137.0,134.64186096191406
19-05-2009,124.0,134.0,9666,135.0,125.0,122.84841918945312
20-05-2009,125.0,128.0,6924,133.0,126.0,123.83119201660156
21-05-2009,98.0,130.0,13890,131.0,112.0,110.07218170166016
22-05-2009,113.0,123.0,8836,123.0,118.0,115.9688949584961
26-05-2009,91.0,117.0,98812,119.0,95.0,93.36479187011719
27-05-2009,92.0,92.0,28978,105.0,100.0,98.27873992919922
28-05-2009,90.0,102.0,13082,102.0,93.0,91.39922332763672
29-05-2009,93.0,93.0,11343,98.0,95.0,93.36479187011719
01-06-2009,91.0,98.0,9520,98.0,93.0,91.39922332763672
02-06-2009,90.0,93.0,5260,95.0,92.0,90.41642761230469
03-06-2009,85.0,91.0,10002,93.0,88.0,86.48528289794922
04-06-2009,88.0,88.0,8652,91.0,90.0,88.45085906982422
05-06-2009,89.0,92.0,6285,94.0,91.0,89.43365478515625
08-06-2009,85.0,91.0,9551,92.0,87.0,85.50251007080078
09-06-2009,85.0,88.0,4375,90.0,86.0,84.51969146728516
10-06-2009,85.0,87.0,11669,98.0,91.0,89.43365478515625
11-06-2009,88.0,91.0,8134,94.0,88.0,86.48528289794922
12-06-2009,86.0,92.0,6931,94.0,88.0,86.48528289794922
15-06-2009,82.0,88.0,6815,90.0,84.0,82.55413055419922
16-06-2009,81.0,84.0,3254,88.0,81.0,79.60576629638672
17-06-2009,77.0,82.0,6272,86.0,82.0,80.58856201171875
18-06-2009,78.0,83.0,3324,83.0,79.0,77.64021301269531
19-06-2009,75.0,83.0,5794,83.0,75.0,73.70906066894531
22-06-2009,71.0,75.0,5868,78.0,71.0,69.77788543701172
23-06-2009,71.0,72.0,2281,75.0,73.0,71.74348449707031
24-06-2009,71.0,75.0,5640,77.0,73.0,71.74348449707031
25-06-2009,75.0,75.0,4040,82.0,82.0,80.58856201171875
26-06-2009,73.0,82.0,17578,83.0,77.0,75.67461395263672
29-06-2009,73.0,77.0,4790,79.0,73.0,71.74348449707031
30-06-2009,68.0,73.0,6909,77.0,68.0,66.82953643798828
01-07-2009,69.0,70.0,7085,73.0,71.0,69.77788543701172
02-07-2009,69.0,70.0,2355,73.0,69.0,67.81231689453125
06-07-2009,69.0,71.0,6248,74.0,69.0,67.81231689453125
07-07-2009,64.0,68.0,3615,69.0,64.0,62.89839553833008
08-07-2009,59.0,64.0,12297,66.0,60.0,58.96724319458008
09-07-2009,60.0,61.0,6767,67.0,61.0,59.95002365112305
10-07-2009,61.0,61.0,3033,66.0,66.0,64.86396789550781
13-07-2009,66.0,66.0,11852,85.0,83.0,81.57136535644531
14-07-2009,75.0,89.0,5841,89.0,78.0,76.65740966796875
15-07-2009,76.0,80.0,6787,81.0,77.0,75.67461395263672
16-07-2009,65.0,79.0,6036,79.0,76.0,74.69184112548828
17-07-2009,75.0,76.0,5063,81.0,78.0,76.65740966796875
20-07-2009,78.0,78.0,5924,87.0,84.0,82.55413055419922
21-07-2009,74.0,84.0,8206,84.0,75.0,73.70906066894531
22-07-2009,75.0,75.0,2613,82.0,82.0,80.58856201171875
23-07-2009,82.0,84.0,6178,85.0,84.0,82.55413055419922
24-07-2009,77.0,82.0,5308,87.0,83.0,81.57136535644531
27-07-2009,84.0,85.0,10141,90.0,89.0,87.46806335449219
28-07-2009,86.0,89.0,4936,95.0,92.0,90.41642761230469
29-07-2009,79.0,92.0,12275,92.0,85.0,83.53691864013672
30-07-2009,86.0,90.0,10120,91.0,90.0,88.45085906982422
31-07-2009,88.0,90.0,3763,90.0,90.0,88.45085906982422
03-08-2009,89.0,92.0,3210,92.0,90.0,88.45085906982422
04-08-2009,88.0,88.0,2116,92.0,91.0,89.43365478515625
05-08-2009,88.0,91.0,4924,92.0,89.0,87.46806335449219
06-08-2009,82.0,92.0,9988,94.0,83.0,81.57136535644531
07-08-2009,83.0,84.0,6191,89.0,87.0,85.50251007080078
10-08-2009,85.0,87.0,9709,92.0,91.0,89.43365478515625
11-08-2009,87.0,91.0,5771,92.0,87.0,85.50251007080078
12-08-2009,85.0,87.0,5670,89.0,85.0,83.53691864013672
13-08-2009,84.0,85.0,4812,88.0,84.0,82.55413055419922
14-08-2009,78.0,83.0,12545,86.0,79.0,77.64021301269531
17-08-2009,73.0,75.0,5501,78.0,73.0,71.74348449707031
18-08-2009,75.0,77.0,2741,79.0,77.0,75.67461395263672
19-08-2009,72.0,74.0,4247,77.0,74.0,72.72625732421875
20-08-2009,72.0,75.0,4643,78.0,78.0,76.65740966796875
21-08-2009,78.0,79.0,5443,81.0,80.0,78.62298583984375
24-08-2009,73.0,81.0,13263,83.0,79.0,77.64021301269531
25-08-2009,79.0,82.0,5631,82.0,81.0,79.60576629638672
26-08-2009,78.0,82.0,5366,82.0,79.0,77.64021301269531
27-08-2009,76.0,79.0,6131,81.0,80.0,78.62298583984375
28-08-2009,80.0,81.0,14782,93.0,82.0,80.58856201171875
31-08-2009,79.0,81.0,6467,88.0,80.0,78.62298583984375
01-09-2009,74.0,81.0,6647,84.0,74.0,72.72625732421875
02-09-2009,73.0,74.0,2155,77.0,75.0,73.70906066894531
03-09-2009,75.0,76.0,3925,78.0,77.0,75.67461395263672
04-09-2009,74.0,76.0,2132,77.0,76.0,74.69184112548828
08-09-2009,76.0,76.0,5049,80.0,80.0,78.62298583984375
09-09-2009,78.0,80.0,3588,81.0,81.0,79.60576629638672
10-09-2009,79.0,81.0,1992,82.0,81.0,79.60576629638672
11-09-2009,80.0,81.0,2645,83.0,80.0,78.62298583984375
14-09-2009,78.0,80.0,2689,81.0,79.0,77.64021301269531
15-09-2009,77.0,79.0,3804,83.0,82.0,80.58856201171875
16-09-2009,81.0,81.0,4771,86.0,84.0,82.55413055419922
17-09-2009,78.0,80.0,11115,83.0,79.0,77.64021301269531
18-09-2009,79.0,79.0,20838,95.0,95.0,93.36479187011719
21-09-2009,89.0,93.0,29570,108.0,95.0,93.36479187011719
22-09-2009,94.0,98.0,41364,119.0,111.0,109.08940887451172
23-09-2009,113.0,120.0,68073,138.0,116.0,114.0033187866211
24-09-2009,104.0,118.0,25159,123.0,108.0,106.14105224609375
25-09-2009,98.0,99.0,11196,112.0,109.0,107.12380981445312
28-09-2009,103.0,110.0,8370,110.0,105.0,103.19266510009766
29-09-2009,101.0,103.0,7214,108.0,105.0,103.19266510009766
30-09-2009,103.0,106.0,8012,111.0,103.0,101.22710418701172
01-10-2009,102.0,102.0,12888,108.0,103.0,101.22710418701172
02-10-2009,91.0,103.0,10376,106.0,105.0,103.19266510009766
05-10-2009,100.0,104.0,7509,105.0,105.0,103.19266510009766
06-10-2009,101.0,102.0,12261,113.0,109.0,107.12380981445312
07-10-2009,104.0,109.0,8312,112.0,108.0,106.14105224609375
08-10-2009,104.0,110.0,6492,110.0,104.0,102.20988464355469
09-10-2009,103.0,104.0,6187,108.0,108.0,106.14105224609375
12-10-2009,103.0,109.0,7658,111.0,103.0,101.22710418701172
13-10-2009,103.0,104.0,6616,108.0,108.0,106.14105224609375
14-10-2009,104.0,107.0,7557,109.0,108.0,106.14105224609375
15-10-2009,105.0,108.0,18124,120.0,117.0,114.98612976074219
16-10-2009,111.0,116.0,16112,122.0,121.0,118.91727447509766
19-10-2009,112.0,122.0,5261,122.0,116.0,114.0033187866211
20-10-2009,104.0,114.0,10551,118.0,109.0,107.12380981445312
21-10-2009,106.0,108.0,8110,119.0,115.0,113.02055358886719
22-10-2009,110.0,116.0,4433,117.0,116.0,114.0033187866211
23-10-2009,108.0,110.0,5057,116.0,111.0,109.08940887451172
26-10-2009,102.0,110.0,5948,114.0,106.0,104.17546081542969
27-10-2009,93.0,106.0,8398,107.0,93.0,91.39922332763672
28-10-2009,88.0,92.0,8049,100.0,96.0,94.34757995605469
29-10-2009,88.0,93.0,6810,98.0,90.0,88.45085906982422
30-10-2009,88.0,90.0,6913,93.0,90.0,88.45085906982422
02-11-2009,75.0,91.0,9791,91.0,83.0,81.57136535644531
03-11-2009,71.0,71.0,10816,88.0,83.0,81.57136535644531
04-11-2009,72.0,83.0,7258,83.0,74.0,72.72625732421875
05-11-2009,72.0,77.0,10613,83.0,80.0,78.62298583984375
06-11-2009,74.0,77.0,4085,79.0,77.0,75.67461395263672
09-11-2009,70.0,78.0,6085,79.0,73.0,71.74348449707031
10-11-2009,73.0,73.0,5939,84.0,82.0,80.58856201171875
11-11-2009,74.0,83.0,6997,87.0,74.0,72.72625732421875
12-11-2009,72.0,79.0,5668,79.0,72.0,70.76068878173828
13-11-2009,72.0,72.0,3627,78.0,77.0,75.67461395263672
16-11-2009,72.0,79.0,6014,79.0,72.0,70.76068878173828
17-11-2009,70.0,70.0,5247,78.0,78.0,76.65740966796875
18-11-2009,71.0,77.0,7765,80.0,75.0,73.70906066894531
19-11-2009,73.0,77.0,5518,78.0,74.0,72.72625732421875
20-11-2009,72.0,78.0,5231,78.0,73.0,71.74348449707031
23-11-2009,69.0,75.0,7910,75.0,69.0,67.81231689453125
24-11-2009,67.0,70.0,6851,72.0,68.0,66.82953643798828
25-11-2009,67.0,71.0,2679,71.0,68.0,66.82953643798828
27-11-2009,65.0,68.0,2000,68.0,65.0,63.881168365478516
30-11-2009,61.0,67.0,16089,70.0,70.0,68.79511260986328
01-12-2009,64.0,68.0,4911,70.0,67.0,65.84674835205078
02-12-2009,60.0,68.0,10045,68.0,63.0,61.91559600830078
03-12-2009,63.0,63.0,6845,67.0,67.0,65.84674835205078
04-12-2009,63.0,68.0,6450,68.0,64.0,62.89839553833008
07-12-2009,63.0,65.0,4445,66.0,65.0,63.881168365478516
08-12-2009,60.0,65.0,9160,66.0,60.0,58.96724319458008
09-12-2009,60.0,60.0,8980,66.0,65.0,63.881168365478516
10-12-2009,60.0,65.0,13713,67.0,60.0,58.96724319458008
11-12-2009,58.0,58.0,5819,66.0,64.0,62.89839553833008
14-12-2009,61.0,64.0,4403,65.0,62.0,60.93281555175781
15-12-2009,60.0,62.0,12490,65.0,60.0,58.96724319458008
16-12-2009,54.0,61.0,20146,62.0,61.0,59.95002365112305
17-12-2009,59.0,62.0,13197,62.0,60.0,58.96724319458008
18-12-2009,56.0,60.0,7980,62.0,57.0,56.01887893676758
21-12-2009,58.0,58.0,7488,62.0,61.0,59.95002365112305
22-12-2009,57.0,60.0,11874,60.0,57.0,56.01887893676758
23-12-2009,57.0,58.0,9541,60.0,59.0,57.98444747924805
24-12-2009,56.0,60.0,7540,60.0,59.0,57.98444747924805
28-12-2009,56.0,60.0,11182,60.0,57.0,56.01887893676758
29-12-2009,57.0,57.0,15711,61.0,61.0,59.95002365112305
30-12-2009,57.0,63.0,11131,63.0,59.0,57.98444747924805
31-12-2009,58.0,59.0,11038,63.0,60.0,58.96724319458008
04-01-2010,60.0,61.0,7818,64.0,63.0,61.91559600830078
05-01-2010,62.0,63.0,7206,68.0,67.0,65.84674835205078
06-01-2010,64.0,68.0,6345,69.0,68.0,66.82953643798828
07-01-2010,66.0,66.0,3398,68.0,67.0,65.84674835205078
08-01-2010,66.0,69.0,13381,76.0,70.0,68.79511260986328
11-01-2010,70.0,75.0,8041,75.0,71.0,69.77788543701172
12-01-2010,67.0,71.0,6140,71.0,67.0,65.84674835205078
13-01-2010,66.0,71.0,10238,72.0,66.0,64.86396789550781
14-01-2010,66.0,66.0,6758,68.0,66.0,64.86396789550781
15-01-2010,66.0,70.0,8558,70.0,68.0,66.82953643798828
19-01-2010,65.0,67.0,6111,68.0,66.0,64.86396789550781
20-01-2010,64.0,66.0,7703,66.0,64.0,62.89839553833008
21-01-2010,61.0,64.0,47785,68.0,64.0,62.89839553833008
22-01-2010,62.0,64.0,10587,65.0,63.0,61.91559600830078
25-01-2010,61.0,64.0,5137,65.0,64.0,62.89839553833008
26-01-2010,63.0,65.0,5074,67.0,65.0,63.881168365478516
27-01-2010,61.0,65.0,6180,66.0,62.0,60.93281555175781
28-01-2010,58.0,67.0,16954,68.0,61.0,59.95002365112305
29-01-2010,62.0,64.0,16935,66.0,63.0,61.91559600830078
01-02-2010,64.0,68.0,16502,68.0,67.0,65.84674835205078
02-02-2010,63.0,67.0,23121,70.0,64.0,62.89839553833008
03-02-2010,63.0,65.0,16155,66.0,63.0,61.91559600830078
04-02-2010,60.0,63.0,12701,65.0,61.0,59.95002365112305
05-02-2010,61.0,64.0,13094,64.0,61.0,59.95002365112305
08-02-2010,60.0,61.0,15930,66.0,61.0,59.95002365112305
09-02-2010,59.0,62.0,171082,62.0,60.0,58.96724319458008
10-02-2010,60.0,60.0,65042,63.0,63.0,61.91559600830078
11-02-2010,62.0,63.0,10433,66.0,66.0,64.86396789550781
12-02-2010,62.0,65.0,13366,68.0,62.0,60.93281555175781
16-02-2010,59.0,64.0,28457,65.0,59.0,57.98444747924805
17-02-2010,60.0,61.0,13930,64.0,62.0,60.93281555175781
18-02-2010,61.0,62.0,10019,63.0,62.0,60.93281555175781
19-02-2010,61.0,63.0,55308,64.0,61.0,59.95002365112305
22-02-2010,61.0,64.0,9133,64.0,64.0,62.89839553833008
23-02-2010,64.0,64.0,16156,66.0,65.0,63.881168365478516
24-02-2010,64.0,68.0,7188,68.0,67.0,65.84674835205078
25-02-2010,63.0,63.0,4886,67.0,66.0,64.86396789550781
26-02-2010,65.0,67.0,8842,68.0,65.0,63.881168365478516
01-03-2010,65.0,65.0,6120,70.0,69.0,67.81231689453125
02-03-2010,68.0,69.0,16183,75.0,74.0,72.72625732421875
03-03-2010,68.0,75.0,11411,75.0,71.0,69.77788543701172
04-03-2010,68.0,71.0,4953,72.0,72.0,70.76068878173828
05-03-2010,71.0,72.0,5276,75.0,73.0,71.74348449707031
08-03-2010,72.0,73.0,3277,74.0,73.0,71.74348449707031
09-03-2010,71.0,72.0,18155,78.0,77.0,75.67461395263672
10-03-2010,75.0,78.0,21103,82.0,79.0,77.64021301269531
11-03-2010,78.0,79.0,7665,82.0,82.0,80.58856201171875
12-03-2010,78.0,81.0,14258,86.0,78.0,76.65740966796875
15-03-2010,71.0,72.0,12417,80.0,79.0,77.64021301269531
16-03-2010,77.0,78.0,8243,81.0,79.0,77.64021301269531
17-03-2010,78.0,79.0,18921,86.0,82.0,80.58856201171875
18-03-2010,80.0,83.0,7927,85.0,84.0,82.55413055419922
19-03-2010,76.0,92.0,31015,93.0,92.0,90.41642761230469
22-03-2010,86.0,91.0,51762,101.0,98.0,96.31315612792969
23-03-2010,88.0,97.0,40972,98.0,88.0,86.48528289794922
24-03-2010,80.0,88.0,30689,90.0,85.0,83.53691864013672
25-03-2010,71.0,85.0,83185,87.0,72.0,70.76068878173828
26-03-2010,53.0,54.0,1251732,58.0,57.0,56.01887893676758
29-03-2010,56.0,59.0,386859,61.0,60.0,58.96724319458008
30-03-2010,57.0,61.0,148674,63.0,58.0,57.00165939331055
31-03-2010,57.0,58.0,134804,61.0,60.0,58.96724319458008
01-04-2010,58.0,60.0,78641,61.0,58.0,57.00165939331055
05-04-2010,59.0,60.0,140616,62.0,62.0,60.93281555175781
06-04-2010,61.0,62.0,172110,68.0,67.0,65.84674835205078
07-04-2010,63.0,67.0,107557,68.0,63.0,61.91559600830078
08-04-2010,62.0,64.0,98331,66.0,64.0,62.89839553833008
09-04-2010,64.0,65.0,73804,67.0,67.0,65.84674835205078
12-04-2010,67.0,68.0,87121,69.0,68.0,66.82953643798828
13-04-2010,67.0,68.0,80154,69.0,68.0,66.82953643798828
14-04-2010,66.0,69.0,80187,69.0,66.0,64.86396789550781
15-04-2010,66.0,67.0,74751,68.0,67.0,65.84674835205078
16-04-2010,66.0,69.0,125519,74.0,69.0,67.81231689453125
19-04-2010,66.0,71.0,60304,71.0,66.0,64.86396789550781
20-04-2010,66.0,68.0,41644,69.0,69.0,67.81231689453125
21-04-2010,67.0,70.0,71671,70.0,69.0,67.81231689453125
22-04-2010,67.0,69.0,65561,71.0,69.0,67.81231689453125
23-04-2010,69.0,69.0,303467,76.0,74.0,72.72625732421875
26-04-2010,78.0,82.0,834354,90.0,84.0,82.55413055419922
27-04-2010,39.0,84.0,296802,84.0,77.0,75.67461395263672
28-04-2010,64.0,74.0,419492,77.0,68.0,66.82953643798828
29-04-2010,61.0,67.0,175778,68.0,66.0,64.86396789550781
30-04-2010,62.0,65.0,125821,66.0,64.0,62.89839553833008
03-05-2010,61.0,64.0,143689,65.0,61.0,59.95002365112305
04-05-2010,57.0,61.0,92911,61.0,60.0,58.96724319458008
05-05-2010,53.0,59.0,157671,59.0,55.0,54.05329895019531
06-05-2010,51.0,56.0,117554,59.0,54.0,53.070526123046875
07-05-2010,52.0,54.0,126657,58.0,54.0,53.070526123046875
10-05-2010,55.0,58.0,68078,59.0,56.0,55.03609085083008
11-05-2010,55.0,57.0,73920,62.0,60.0,58.96724319458008
12-05-2010,59.0,59.0,58494,64.0,62.0,60.93281555175781
13-05-2010,61.0,63.0,97284,64.0,62.0,60.93281555175781
14-05-2010,54.0,59.0,87812,61.0,59.0,57.98444747924805
17-05-2010,52.0,57.0,102658,59.0,56.0,55.03609085083008
18-05-2010,52.0,58.0,96475,58.0,52.0,51.104942321777344
19-05-2010,47.0,52.0,267552,54.0,48.0,47.173789978027344
20-05-2010,41.0,47.0,206861,47.0,43.0,42.25984573364258
21-05-2010,41.0,42.0,269483,48.0,44.0,43.24264144897461
24-05-2010,42.0,46.0,103632,47.0,42.0,41.27706527709961
25-05-2010,39.0,41.0,110014,48.0,47.0,46.191001892089844
26-05-2010,47.0,49.0,201369,51.0,50.0,49.13936996459961
27-05-2010,45.0,51.0,15994,52.0,47.0,46.191001892089844
28-05-2010,44.099998474121094,46.099998474121094,197700,52.900001525878906,50.79999923706055,49.925594329833984
01-06-2010,45.70000076293945,49.400001525878906,229570,50.5,46.099998474121094,45.306495666503906
02-06-2010,41.5,45.900001525878906,177680,46.79999923706055,43.900001525878906,43.144371032714844
03-06-2010,42.099998474121094,43.5,131460,46.400001525878906,45.599998474121094,44.815101623535156
04-06-2010,42.5,45.0,140360,45.0,42.79999923706055,42.06330490112305
07-06-2010,39.79999923706055,42.20000076293945,126580,43.79999923706055,40.0,39.311492919921875
08-06-2010,34.599998474121094,40.20000076293945,186750,40.79999923706055,37.400001525878906,36.75625228881836
09-06-2010,31.799999237060547,38.099998474121094,130160,39.5,35.099998474121094,34.49583435058594
10-06-2010,35.20000076293945,35.5,96720,37.900001525878906,37.900001525878906,37.247650146484375
11-06-2010,34.70000076293945,34.70000076293945,63770,37.5,37.29999923706055,36.65796661376953
14-06-2010,37.79999923706055,38.0,75690,40.5,39.29999923706055,38.623538970947266
15-06-2010,39.5,39.900001525878906,101870,44.29999923706055,43.599998474121094,42.84952163696289
16-06-2010,40.5,41.599998474121094,57600,43.400001525878906,41.0,40.294281005859375
17-06-2010,38.0,41.400001525878906,50300,41.599998474121094,38.400001525878906,37.73903274536133
18-06-2010,37.900001525878906,38.400001525878906,118140,43.20000076293945,42.400001525878906,41.670188903808594
21-06-2010,42.099998474121094,43.5,89190,44.29999923706055,43.400001525878906,42.65296173095703
22-06-2010,39.20000076293945,43.400001525878906,70050,44.0,40.099998474121094,39.40977478027344
23-06-2010,37.400001525878906,39.29999923706055,76500,41.0,37.79999923706055,37.149356842041016
24-06-2010,36.900001525878906,37.79999923706055,78110,39.400001525878906,38.70000076293945,38.03386688232422
25-06-2010,37.599998474121094,38.29999923706055,493370,42.5,41.0,40.294281005859375
28-06-2010,38.29999923706055,41.400001525878906,77070,42.20000076293945,38.599998474121094,37.93559646606445
29-06-2010,31.899999618530273,37.20000076293945,192540,38.5,34.400001525878906,33.80789566040039
30-06-2010,30.0,34.70000076293945,214310,36.599998474121094,31.399999618530273,30.859525680541992
01-07-2010,29.799999237060547,31.399999618530273,185510,33.20000076293945,31.0,30.466407775878906
02-07-2010,29.799999237060547,30.899999618530273,69370,31.399999618530273,30.600000381469727,30.07329559326172
06-07-2010,23.700000762939453,32.099998474121094,344520,32.099998474121094,23.899999618530273,23.488615036010742
07-07-2010,24.0,24.600000381469727,299980,29.799999237060547,29.299999237060547,28.79566764831543
08-07-2010,29.0,29.299999237060547,247430,33.79999923706055,31.899999618530273,31.35091781616211
09-07-2010,30.600000381469727,31.899999618530273,88230,33.099998474121094,32.70000076293945,32.137149810791016
12-07-2010,31.399999618530273,32.79999923706055,89990,34.400001525878906,31.399999618530273,30.859525680541992
13-07-2010,32.400001525878906,34.099998474121094,180540,35.79999923706055,35.20000076293945,34.594120025634766
14-07-2010,34.0,35.20000076293945,72430,35.29999923706055,34.5,33.906158447265625
15-07-2010,34.099998474121094,34.900001525878906,82360,35.79999923706055,34.900001525878906,34.29927062988281
16-07-2010,29.899999618530273,35.29999923706055,121910,35.29999923706055,30.700000762939453,30.171573638916016
19-07-2010,30.100000381469727,31.200000762939453,83410,32.29999923706055,31.100000381469727,30.564685821533203
20-07-2010,29.200000762939453,30.100000381469727,62470,31.799999237060547,31.600000381469727,31.05607795715332
21-07-2010,30.600000381469727,31.899999618530273,77320,33.0,30.600000381469727,30.07329559326172
22-07-2010,30.5,31.0,79850,32.0,31.299999237060547,30.761245727539062
23-07-2010,30.700000762939453,31.100000381469727,125290,35.20000076293945,33.099998474121094,32.53025817871094
26-07-2010,32.599998474121094,33.29999923706055,109280,34.900001525878906,33.5,32.92337417602539
27-07-2010,32.5,33.900001525878906,129910,34.79999923706055,34.29999923706055,33.7096061706543
28-07-2010,28.600000381469727,29.899999618530273,296490,31.5,30.799999237060547,30.269847869873047
29-07-2010,31.0,33.20000076293945,129730,33.400001525878906,31.700000762939453,31.15435791015625
30-07-2010,31.0,32.0,109520,32.20000076293945,32.099998474121094,31.547473907470703
02-08-2010,32.400001525878906,33.20000076293945,88400,33.5,33.400001525878906,32.825096130371094
03-08-2010,31.899999618530273,33.29999923706055,75630,33.400001525878906,32.79999923706055,32.23542404174805
04-08-2010,31.899999618530273,33.099998474121094,98330,33.400001525878906,32.099998474121094,31.547473907470703
05-08-2010,30.899999618530273,31.299999237060547,96700,32.20000076293945,31.100000381469727,30.564685821533203
06-08-2010,30.299999237060547,30.600000381469727,104140,31.5,30.799999237060547,30.269847869873047
09-08-2010,30.100000381469727,30.5,73700,30.899999618530273,30.5,29.975011825561523
10-08-2010,29.799999237060547,30.100000381469727,92990,30.399999618530273,30.200000762939453,29.68017578125
11-08-2010,28.5,29.700000762939453,95070,29.899999618530273,28.899999618530273,28.402555465698242
12-08-2010,27.799999237060547,27.799999237060547,101510,29.0,28.600000381469727,28.107717514038086
13-08-2010,27.299999237060547,28.600000381469727,91070,28.899999618530273,27.399999618530273,26.928373336791992
16-08-2010,27.0,27.200000762939453,102190,28.799999237060547,27.200000762939453,26.7318172454834
17-08-2010,27.399999618530273,27.399999618530273,146960,29.700000762939453,28.899999618530273,28.402555465698242
18-08-2010,28.399999618530273,28.600000381469727,109940,29.200000762939453,29.200000762939453,28.6973934173584
19-08-2010,26.399999618530273,29.0,165540,29.0,26.5,26.043865203857422
20-08-2010,26.100000381469727,26.399999618530273,159500,27.200000762939453,26.200000762939453,25.749032974243164
23-08-2010,23.299999237060547,26.399999618530273,220350,27.200000762939453,24.399999618530273,23.98001480102539
24-08-2010,22.5,23.899999618530273,175640,24.5,22.799999237060547,22.407550811767578
25-08-2010,22.799999237060547,22.799999237060547,86000,24.299999237060547,24.100000381469727,23.68517303466797
26-08-2010,23.399999618530273,24.299999237060547,75440,24.899999618530273,23.799999237060547,23.390338897705078
27-08-2010,23.5,24.0,74420,24.299999237060547,24.299999237060547,23.881731033325195
30-08-2010,22.799999237060547,24.299999237060547,57940,24.399999618530273,22.799999237060547,22.407550811767578
31-08-2010,22.299999237060547,22.399999618530273,59190,23.299999237060547,22.799999237060547,22.407550811767578
01-09-2010,22.799999237060547,23.200000762939453,57390,24.5,24.5,24.078289031982422
02-09-2010,23.799999237060547,24.399999618530273,44570,24.700000762939453,24.700000762939453,24.27484703063965
03-09-2010,24.899999618530273,25.399999618530273,66580,26.5,26.399999618530273,25.945585250854492
07-09-2010,24.399999618530273,26.200000762939453,73890,26.299999237060547,24.5,24.078289031982422
08-09-2010,24.700000762939453,24.700000762939453,38770,25.600000381469727,25.5,25.061077117919922
09-09-2010,25.399999618530273,26.100000381469727,51280,26.399999618530273,26.0,25.552471160888672
10-09-2010,25.399999618530273,26.200000762939453,48950,26.700000762939453,25.799999237060547,25.355911254882812
13-09-2010,25.899999618530273,26.100000381469727,73160,27.0,26.700000762939453,26.240421295166016
14-09-2010,20.399999618530273,26.5,389330,26.5,21.200000762939453,20.835094451904297
15-09-2010,17.299999237060547,18.600000381469727,1319640,22.100000381469727,19.0,18.67296028137207
16-09-2010,18.700000762939453,19.0,185120,19.899999618530273,19.399999618530273,19.06607437133789
17-09-2010,18.899999618530273,19.600000381469727,115110,19.899999618530273,19.200000762939453,18.869516372680664
20-09-2010,19.0,19.299999237060547,108270,19.700000762939453,19.600000381469727,19.262630462646484
21-09-2010,19.5,19.600000381469727,93120,20.200000762939453,19.5,19.164352416992188
22-09-2010,19.0,19.5,62590,19.799999237060547,19.0,18.67296028137207
23-09-2010,18.0,18.799999237060547,91920,19.0,18.100000381469727,17.788448333740234
24-09-2010,18.0,18.399999618530273,122910,18.600000381469727,18.200000762939453,17.886730194091797
27-09-2010,18.100000381469727,18.100000381469727,60510,18.600000381469727,18.200000762939453,17.886730194091797
28-09-2010,18.0,18.299999237060547,70160,18.399999618530273,18.299999237060547,17.985008239746094
29-09-2010,18.0,18.200000762939453,66000,18.299999237060547,18.200000762939453,17.886730194091797
30-09-2010,18.100000381469727,18.299999237060547,77530,18.899999618530273,18.200000762939453,17.886730194091797
01-10-2010,18.299999237060547,18.5,36790,19.0,19.0,18.67296028137207
04-10-2010,18.799999237060547,19.0,61270,19.799999237060547,19.5,19.164352416992188
05-10-2010,19.600000381469727,19.600000381469727,257610,23.799999237060547,23.299999237060547,22.898942947387695
06-10-2010,23.299999237060547,23.299999237060547,259560,27.5,25.700000762939453,25.25763511657715
07-10-2010,24.600000381469727,25.600000381469727,124590,26.899999618530273,25.299999237060547,24.864519119262695
08-10-2010,24.399999618530273,25.399999618530273,90770,25.799999237060547,25.0,24.569684982299805
11-10-2010,23.799999237060547,25.0,71170,25.5,24.200000762939453,23.7834529876709
12-10-2010,23.5,23.799999237060547,64110,24.899999618530273,24.700000762939453,24.27484703063965
13-10-2010,24.899999618530273,24.899999618530273,108990,26.700000762939453,26.399999618530273,25.945585250854492
14-10-2010,25.299999237060547,26.299999237060547,50280,26.5,25.799999237060547,25.355911254882812
15-10-2010,25.5,26.200000762939453,75240,26.399999618530273,25.700000762939453,25.25763511657715
18-10-2010,24.100000381469727,25.700000762939453,75200,26.0,25.200000762939453,24.766239166259766
19-10-2010,24.0,24.799999237060547,47590,25.5,24.299999237060547,23.881731033325195
20-10-2010,24.399999618530273,24.600000381469727,29450,25.0,24.799999237060547,24.373125076293945
21-10-2010,23.700000762939453,25.0,37420,25.200000762939453,24.299999237060547,23.881731033325195
22-10-2010,23.899999618530273,24.5,36680,25.200000762939453,24.5,24.078289031982422
25-10-2010,24.0,24.899999618530273,41420,25.0,24.200000762939453,23.7834529876709
26-10-2010,23.5,23.899999618530273,36790,24.200000762939453,23.600000381469727,23.19378089904785
27-10-2010,22.600000381469727,23.5,47070,23.600000381469727,23.200000762939453,22.800668716430664
28-10-2010,12.100000381469727,15.5,4472850,15.899999618530273,12.5,12.284842491149902
29-10-2010,12.399999618530273,12.800000190734863,2035580,13.100000381469727,12.699999809265137,12.481398582458496
01-11-2010,12.0,12.899999618530273,638050,13.0,12.199999809265137,11.990007400512695
02-11-2010,11.300000190734863,12.5,630710,12.5,11.600000381469727,11.400334358215332
03-11-2010,11.600000381469727,11.899999618530273,391910,12.100000381469727,12.0,11.793447494506836
04-11-2010,12.399999618530273,12.5,1027050,13.300000190734863,13.0,12.776235580444336
05-11-2010,12.199999809265137,13.199999809265137,555210,13.300000190734863,12.699999809265137,12.481398582458496
08-11-2010,12.699999809265137,13.0,483010,13.699999809265137,13.100000381469727,12.874516487121582
09-11-2010,12.800000190734863,13.199999809265137,405920,13.5,12.800000190734863,12.579678535461426
10-11-2010,12.800000190734863,13.0,287520,13.199999809265137,13.199999809265137,12.972792625427246
11-11-2010,12.800000190734863,13.100000381469727,318840,13.300000190734863,13.0,12.776235580444336
12-11-2010,13.0,13.0,657360,14.0,13.199999809265137,12.972792625427246
15-11-2010,12.800000190734863,13.300000190734863,293400,13.699999809265137,12.800000190734863,12.579678535461426
16-11-2010,12.5,12.800000190734863,243450,13.0,12.5,12.284842491149902
17-11-2010,12.199999809265137,12.5,188640,13.199999809265137,12.699999809265137,12.481398582458496
18-11-2010,12.600000381469727,13.0,130390,13.100000381469727,12.699999809265137,12.481398582458496
19-11-2010,12.5,12.699999809265137,113930,12.899999618530273,12.600000381469727,12.383119583129883
22-11-2010,12.300000190734863,12.600000381469727,150310,13.0,12.600000381469727,12.383119583129883
23-11-2010,12.300000190734863,12.399999618530273,129910,12.600000381469727,12.300000190734863,12.088284492492676
24-11-2010,12.100000381469727,12.5,163780,12.600000381469727,12.300000190734863,12.088284492492676
26-11-2010,12.100000381469727,12.100000381469727,52810,12.5,12.399999618530273,12.186562538146973
29-11-2010,12.100000381469727,12.300000190734863,119700,12.5,12.300000190734863,12.088284492492676
30-11-2010,12.199999809265137,12.199999809265137,98150,12.399999618530273,12.399999618530273,12.186562538146973
01-12-2010,12.300000190734863,12.600000381469727,335320,12.699999809265137,12.300000190734863,12.088284492492676
02-12-2010,12.300000190734863,12.399999618530273,194940,13.0,12.5,12.284842491149902
03-12-2010,12.5,12.5,389550,13.600000381469727,13.300000190734863,13.07107162475586
06-12-2010,13.300000190734863,13.399999618530273,330580,14.300000190734863,13.600000381469727,13.3659086227417
07-12-2010,13.699999809265137,13.899999618530273,488160,14.199999809265137,13.899999618530273,13.66074275970459
08-12-2010,13.5,13.899999618530273,206790,14.100000381469727,13.600000381469727,13.3659086227417
09-12-2010,13.600000381469727,13.800000190734863,169070,14.0,13.800000190734863,13.562466621398926
10-12-2010,13.699999809265137,13.899999618530273,462540,14.399999618530273,14.100000381469727,13.85730266571045
13-12-2010,13.800000190734863,14.100000381469727,390270,14.5,14.399999618530273,14.152137756347656
14-12-2010,14.5,14.600000381469727,565170,15.100000381469727,14.699999809265137,14.446972846984863
15-12-2010,14.699999809265137,14.699999809265137,1432340,18.399999618530273,16.100000381469727,15.822874069213867
16-12-2010,15.600000381469727,16.200000762939453,403410,16.5,15.800000190734863,15.52803897857666
17-12-2010,15.399999618530273,16.100000381469727,473630,16.399999618530273,15.5,15.233203887939453
20-12-2010,15.0,15.899999618530273,231820,15.899999618530273,15.199999809265137,14.938368797302246
21-12-2010,15.399999618530273,16.299999237060547,910110,16.799999237060547,15.5,15.233203887939453
22-12-2010,15.5,16.100000381469727,498960,16.299999237060547,15.699999809265137,15.429762840270996
23-12-2010,15.300000190734863,16.0,321730,16.100000381469727,15.399999618530273,15.134923934936523
27-12-2010,15.399999618530273,16.0,651320,16.200000762939453,15.800000190734863,15.52803897857666
28-12-2010,15.5,15.899999618530273,513180,16.399999618530273,15.5,15.233203887939453
29-12-2010,15.5,15.600000381469727,365170,16.0,15.600000381469727,15.331482887268066
30-12-2010,15.699999809265137,15.800000190734863,325430,16.200000762939453,16.100000381469727,15.822874069213867
31-12-2010,16.0,16.200000762939453,502280,16.5,16.299999237060547,16.019433975219727
03-01-2011,16.399999618530273,16.700000762939453,1107550,17.0,16.700000762939453,16.412548065185547
04-01-2011,16.399999618530273,17.0,537310,17.0,17.0,16.70738410949707
05-01-2011,16.899999618530273,16.899999618530273,740970,17.899999618530273,17.899999618530273,17.591888427734375
06-01-2011,17.5,18.600000381469727,1040870,18.899999618530273,17.600000381469727,17.297060012817383
07-01-2011,16.600000381469727,17.700000762939453,562310,18.0,17.299999237060547,17.002216339111328
10-01-2011,16.5,17.299999237060547,482760,17.399999618530273,16.600000381469727,16.314268112182617
11-01-2011,15.600000381469727,16.700000762939453,627340,17.0,16.600000381469727,16.314268112182617
12-01-2011,16.200000762939453,16.899999618530273,578360,17.100000381469727,17.100000381469727,16.8056640625
13-01-2011,16.299999237060547,17.299999237060547,508470,17.299999237060547,16.799999237060547,16.510826110839844
14-01-2011,16.399999618530273,16.700000762939453,404980,17.0,16.700000762939453,16.412548065185547
18-01-2011,16.399999618530273,16.5,310720,17.200000762939453,17.200000762939453,16.903947830200195
19-01-2011,16.299999237060547,17.0,292910,17.0,16.5,16.215991973876953
20-01-2011,16.0,16.5,225850,16.5,16.100000381469727,15.822874069213867
21-01-2011,15.600000381469727,16.0,353970,16.5,15.699999809265137,15.429762840270996
24-01-2011,13.0,15.800000190734863,1090270,16.299999237060547,16.299999237060547,16.019433975219727
25-01-2011,15.899999618530273,16.700000762939453,498130,16.700000762939453,16.5,16.215991973876953
26-01-2011,15.0,15.5,584420,16.399999618530273,16.299999237060547,16.019433975219727
27-01-2011,15.800000190734863,15.800000190734863,353000,16.5,16.5,16.215991973876953
28-01-2011,15.800000190734863,16.299999237060547,532990,16.5,15.800000190734863,15.52803897857666
31-01-2011,15.699999809265137,16.0,257190,16.100000381469727,15.800000190734863,15.52803897857666
01-02-2011,15.899999618530273,16.399999618530273,197840,16.399999618530273,16.200000762939453,15.921157836914062
02-02-2011,16.200000762939453,16.399999618530273,191890,16.600000381469727,16.5,16.215991973876953
03-02-2011,15.699999809265137,16.299999237060547,329500,17.399999618530273,16.600000381469727,16.314268112182617
04-02-2011,16.200000762939453,16.799999237060547,127130,16.799999237060547,16.5,16.215991973876953
07-02-2011,16.299999237060547,16.600000381469727,134490,16.700000762939453,16.700000762939453,16.412548065185547
08-02-2011,16.399999618530273,17.700000762939453,215480,17.700000762939453,16.600000381469727,16.314268112182617
09-02-2011,16.700000762939453,17.0,477830,17.5,17.299999237060547,17.002216339111328
10-02-2011,17.0,17.399999618530273,312760,17.5,17.200000762939453,16.903947830200195
11-02-2011,16.5,17.0,231450,17.299999237060547,16.899999618530273,16.609107971191406
14-02-2011,16.700000762939453,17.0,242150,17.200000762939453,17.100000381469727,16.8056640625
15-02-2011,16.799999237060547,17.5,255860,17.5,16.799999237060547,16.510826110839844
16-02-2011,16.899999618530273,17.200000762939453,267440,17.5,17.299999237060547,17.002216339111328
17-02-2011,17.299999237060547,17.5,1043650,19.0,18.200000762939453,17.886730194091797
18-02-2011,17.899999618530273,18.799999237060547,401760,18.799999237060547,18.200000762939453,17.886730194091797
22-02-2011,16.799999237060547,18.200000762939453,589230,18.200000762939453,17.299999237060547,17.002216339111328
23-02-2011,16.799999237060547,17.5,268800,17.700000762939453,16.799999237060547,16.510826110839844
24-02-2011,16.700000762939453,17.399999618530273,367100,17.5,17.200000762939453,16.903947830200195
25-02-2011,16.700000762939453,17.200000762939453,400750,17.600000381469727,17.299999237060547,17.002216339111328
28-02-2011,17.0,17.5,277620,18.0,17.5,17.19877815246582
01-03-2011,17.299999237060547,17.5,218990,17.799999237060547,17.399999618530273,17.10049819946289
02-03-2011,17.299999237060547,17.600000381469727,245630,17.799999237060547,17.600000381469727,17.297060012817383
03-03-2011,17.5,17.5,251610,18.100000381469727,18.0,17.69017219543457
04-03-2011,17.799999237060547,18.5,221220,18.5,17.899999618530273,17.591888427734375
07-03-2011,17.299999237060547,18.200000762939453,225190,18.299999237060547,17.5,17.19877815246582
08-03-2011,17.299999237060547,17.799999237060547,298580,18.0,17.5,17.19877815246582
09-03-2011,17.399999618530273,17.899999618530273,134530,17.899999618530273,17.700000762939453,17.39533805847168
10-03-2011,15.100000381469727,17.799999237060547,634450,17.799999237060547,16.600000381469727,16.314268112182617
11-03-2011,16.299999237060547,16.299999237060547,185660,16.899999618530273,16.899999618530273,16.609107971191406
14-03-2011,16.100000381469727,16.600000381469727,250230,17.0,16.200000762939453,15.921157836914062
15-03-2011,15.199999809265137,16.799999237060547,304420,16.799999237060547,16.0,15.72459888458252
16-03-2011,15.300000190734863,16.200000762939453,261740,16.200000762939453,15.399999618530273,15.134923934936523
17-03-2011,15.0,15.699999809265137,355500,16.200000762939453,15.0,14.74181079864502
18-03-2011,15.0,15.199999809265137,511820,15.699999809265137,15.0,14.74181079864502
21-03-2011,14.300000190734863,15.5,634780,15.600000381469727,14.5,14.250414848327637
22-03-2011,14.300000190734863,14.600000381469727,219620,15.0,14.699999809265137,14.446972846984863
23-03-2011,14.5,14.899999618530273,149160,15.0,14.699999809265137,14.446972846984863
24-03-2011,14.5,14.5,153600,14.899999618530273,14.699999809265137,14.446972846984863
25-03-2011,14.600000381469727,14.699999809265137,111950,15.0,14.800000190734863,14.545252799987793
28-03-2011,14.600000381469727,14.600000381469727,100410,15.0,14.800000190734863,14.545252799987793
29-03-2011,14.600000381469727,14.899999618530273,103940,15.0,15.0,14.74181079864502
30-03-2011,14.899999618530273,15.100000381469727,226600,16.0,15.600000381469727,15.331482887268066
31-03-2011,14.699999809265137,15.600000381469727,533440,15.800000190734863,15.0,14.74181079864502
01-04-2011,14.800000190734863,15.199999809265137,148280,15.300000190734863,15.0,14.74181079864502
04-04-2011,14.5,15.199999809265137,336830,15.199999809265137,14.800000190734863,14.545252799987793
05-04-2011,14.199999809265137,14.800000190734863,424630,14.899999618530273,14.5,14.250414848327637
06-04-2011,14.199999809265137,14.5,210860,14.800000190734863,14.399999618530273,14.152137756347656
07-04-2011,14.300000190734863,14.399999618530273,248310,15.0,14.600000381469727,14.3486967086792
08-04-2011,14.399999618530273,14.699999809265137,143570,15.0,14.5,14.250414848327637
11-04-2011,14.300000190734863,14.5,117280,14.800000190734863,14.300000190734863,14.053858757019043
12-04-2011,11.600000381469727,14.5,537640,14.5,14.100000381469727,13.85730266571045
13-04-2011,13.0,14.100000381469727,273480,14.300000190734863,13.399999618530273,13.169349670410156
14-04-2011,13.0,13.100000381469727,384020,13.5,13.199999809265137,12.972792625427246
15-04-2011,13.0,13.5,218560,13.5,13.300000190734863,13.07107162475586
18-04-2011,12.699999809265137,13.199999809265137,286820,13.5,12.699999809265137,12.481398582458496
19-04-2011,12.699999809265137,12.899999618530273,237500,13.199999809265137,12.699999809265137,12.481398582458496
20-04-2011,12.600000381469727,13.199999809265137,228560,13.199999809265137,12.699999809265137,12.481398582458496
21-04-2011,12.600000381469727,13.100000381469727,218980,13.100000381469727,12.899999618530273,12.677955627441406
25-04-2011,12.5,12.800000190734863,367260,13.899999618530273,13.899999618530273,13.66074275970459
26-04-2011,13.800000190734863,14.100000381469727,470000,14.699999809265137,13.800000190734863,13.562466621398926
27-04-2011,12.800000190734863,13.5,512390,14.399999618530273,13.199999809265137,12.972792625427246
28-04-2011,13.5,13.5,667610,15.0,15.0,14.74181079864502
29-04-2011,14.5,15.0,321460,15.699999809265137,15.600000381469727,15.331482887268066
02-05-2011,14.699999809265137,15.300000190734863,217370,15.600000381469727,14.800000190734863,14.545252799987793
03-05-2011,14.100000381469727,15.0,343300,15.100000381469727,14.600000381469727,14.3486967086792
04-05-2011,14.100000381469727,14.699999809265137,162700,14.699999809265137,14.100000381469727,13.85730266571045
05-05-2011,13.899999618530273,14.300000190734863,125140,14.399999618530273,14.199999809265137,13.955578804016113
06-05-2011,14.199999809265137,14.5,382160,15.100000381469727,14.600000381469727,14.3486967086792
09-05-2011,14.100000381469727,14.600000381469727,198220,14.699999809265137,14.199999809265137,13.955578804016113
10-05-2011,13.899999618530273,13.899999618530273,258820,15.0,14.5,14.250414848327637
11-05-2011,14.199999809265137,14.5,105520,14.699999809265137,14.399999618530273,14.152137756347656
12-05-2011,14.100000381469727,14.300000190734863,120000,14.600000381469727,14.399999618530273,14.152137756347656
13-05-2011,14.300000190734863,14.399999618530273,109760,14.699999809265137,14.399999618530273,14.152137756347656
16-05-2011,13.699999809265137,14.199999809265137,213060,14.399999618530273,13.699999809265137,13.464186668395996
17-05-2011,13.399999618530273,13.600000381469727,212720,14.100000381469727,13.600000381469727,13.3659086227417
18-05-2011,13.600000381469727,14.100000381469727,128320,14.100000381469727,13.800000190734863,13.562466621398926
19-05-2011,13.300000190734863,13.899999618530273,198250,14.100000381469727,13.600000381469727,13.3659086227417
20-05-2011,13.300000190734863,13.600000381469727,140210,13.899999618530273,13.399999618530273,13.169349670410156
23-05-2011,13.100000381469727,13.100000381469727,139010,13.600000381469727,13.5,13.267631530761719
24-05-2011,13.5,13.699999809265137,173830,13.699999809265137,13.5,13.267631530761719
25-05-2011,13.600000381469727,13.699999809265137,214280,14.199999809265137,14.0,13.75902271270752
26-05-2011,13.899999618530273,14.0,113130,14.300000190734863,14.100000381469727,13.85730266571045
27-05-2011,13.899999618530273,14.199999809265137,73750,14.199999809265137,14.100000381469727,13.85730266571045
31-05-2011,13.800000190734863,14.399999618530273,362940,14.399999618530273,14.199999809265137,13.955578804016113
01-06-2011,13.899999618530273,14.399999618530273,124270,14.399999618530273,13.899999618530273,13.66074275970459
02-06-2011,13.600000381469727,14.100000381469727,114180,14.100000381469727,13.600000381469727,13.3659086227417
03-06-2011,13.0,13.399999618530273,195850,13.600000381469727,13.300000190734863,13.07107162475586
06-06-2011,12.300000190734863,13.300000190734863,571990,13.5,12.300000190734863,12.088284492492676
07-06-2011,12.0,12.399999618530273,264990,12.699999809265137,12.0,11.793447494506836
08-06-2011,8.800000190734863,11.800000190734863,477660,12.5,11.399999618530273,11.203775405883789
09-06-2011,11.300000190734863,11.300000190734863,141350,11.800000190734863,11.699999809265137,11.498612403869629
10-06-2011,11.5,11.699999809265137,149780,12.300000190734863,12.0,11.793447494506836
13-06-2011,11.899999618530273,12.399999618530273,228450,12.699999809265137,12.5,12.284842491149902
14-06-2011,12.600000381469727,12.699999809265137,108070,12.899999618530273,12.800000190734863,12.579678535461426
15-06-2011,12.399999618530273,12.699999809265137,160590,13.0,13.0,12.776235580444336
16-06-2011,12.800000190734863,12.899999618530273,151680,13.800000190734863,13.399999618530273,13.169349670410156
17-06-2011,12.800000190734863,13.600000381469727,206710,13.800000190734863,12.800000190734863,12.579678535461426
20-06-2011,12.600000381469727,13.0,109770,13.5,13.100000381469727,12.874516487121582
21-06-2011,13.300000190734863,13.5,184120,13.800000190734863,13.5,13.267631530761719
22-06-2011,13.199999809265137,13.5,144820,13.699999809265137,13.199999809265137,12.972792625427246
23-06-2011,12.5,13.199999809265137,349940,13.199999809265137,13.100000381469727,12.874516487121582
24-06-2011,12.100000381469727,13.199999809265137,1471750,13.399999618530273,12.899999618530273,12.677955627441406
27-06-2011,12.100000381469727,12.800000190734863,270700,12.899999618530273,12.300000190734863,12.088284492492676
28-06-2011,12.199999809265137,12.300000190734863,219030,12.899999618530273,12.800000190734863,12.579678535461426
29-06-2011,12.5,12.800000190734863,152040,12.800000190734863,12.5,12.284842491149902
30-06-2011,11.800000190734863,12.5,648810,12.699999809265137,11.899999618530273,11.695169448852539
01-07-2011,12.0,12.0,338790,12.5,12.199999809265137,11.990007400512695
05-07-2011,11.899999618530273,12.300000190734863,240490,12.399999618530273,12.0,11.793447494506836
06-07-2011,12.0,12.0,66390,12.300000190734863,12.199999809265137,11.990007400512695
07-07-2011,12.100000381469727,12.5,169550,12.5,12.5,12.284842491149902
08-07-2011,12.300000190734863,12.399999618530273,191270,12.800000190734863,12.5,12.284842491149902
11-07-2011,12.199999809265137,12.600000381469727,86310,12.699999809265137,12.399999618530273,12.186562538146973
12-07-2011,12.100000381469727,12.100000381469727,115010,12.699999809265137,12.199999809265137,11.990007400512695
13-07-2011,12.199999809265137,12.300000190734863,56720,12.5,12.300000190734863,12.088284492492676
14-07-2011,11.899999618530273,12.399999618530273,161790,12.5,12.0,11.793447494506836
15-07-2011,12.0,12.0,58220,12.399999618530273,12.100000381469727,11.89172649383545
18-07-2011,11.300000190734863,11.699999809265137,319370,12.199999809265137,11.600000381469727,11.400334358215332
19-07-2011,11.100000381469727,11.100000381469727,156150,12.0,11.600000381469727,11.400334358215332
20-07-2011,11.600000381469727,11.699999809265137,70650,11.899999618530273,11.600000381469727,11.400334358215332
21-07-2011,11.600000381469727,11.699999809265137,195380,12.300000190734863,12.300000190734863,12.088284492492676
22-07-2011,12.100000381469727,12.300000190734863,137870,12.699999809265137,12.5,12.284842491149902
25-07-2011,12.0,12.300000190734863,113920,12.600000381469727,12.0,11.793447494506836
26-07-2011,11.899999618530273,12.100000381469727,118490,12.5,11.899999618530273,11.695169448852539
27-07-2011,9.800000190734863,12.0,839950,12.0,9.800000190734863,9.631315231323242
28-07-2011,7.099999904632568,9.600000381469727,2622440,9.800000190734863,7.300000190734863,7.1743483543396
29-07-2011,6.199999809265137,6.800000190734863,743910,7.5,7.300000190734863,7.1743483543396
01-08-2011,7.099999904632568,7.5,417860,7.800000190734863,7.699999809265137,7.567461967468262
02-08-2011,7.400000095367432,7.699999809265137,234100,8.0,7.400000095367432,7.2726263999938965
03-08-2011,7.199999809265137,7.400000095367432,166610,7.800000190734863,7.400000095367432,7.2726263999938965
04-08-2011,6.5,7.199999809265137,305430,7.400000095367432,6.5,6.388117790222168
05-08-2011,5.800000190734863,6.5,345650,6.699999809265137,6.300000190734863,6.191559791564941
08-08-2011,4.5,5.599999904632568,542980,6.300000190734863,5.0,4.913936614990234
09-08-2011,5.0,5.300000190734863,318300,6.199999809265137,6.199999809265137,6.093281269073486
10-08-2011,5.5,5.800000190734863,210220,6.099999904632568,5.5,5.405330181121826
11-08-2011,5.199999809265137,5.5,211390,6.199999809265137,6.199999809265137,6.093281269073486
12-08-2011,5.900000095367432,6.400000095367432,105390,6.5,6.0,5.896723747253418
15-08-2011,6.0,6.300000190734863,117070,6.800000190734863,6.5,6.388117790222168
16-08-2011,6.099999904632568,6.400000095367432,119510,6.5,6.300000190734863,6.191559791564941
17-08-2011,6.400000095367432,6.400000095367432,176690,7.199999809265137,6.900000095367432,6.781233310699463
18-08-2011,6.199999809265137,6.699999809265137,181890,6.699999809265137,6.300000190734863,6.191559791564941
19-08-2011,6.099999904632568,6.5,109390,6.599999904632568,6.099999904632568,5.995003700256348
22-08-2011,6.0,6.400000095367432,98110,6.5,6.099999904632568,5.995003700256348
23-08-2011,6.0,6.0,119060,6.400000095367432,6.199999809265137,6.093281269073486
24-08-2011,5.699999809265137,6.0,177080,6.300000190734863,6.0,5.896723747253418
25-08-2011,5.699999809265137,5.900000095367432,206890,6.400000095367432,6.199999809265137,6.093281269073486
26-08-2011,5.800000190734863,6.199999809265137,174480,6.400000095367432,6.400000095367432,6.289839267730713
29-08-2011,6.0,6.5,158100,6.599999904632568,6.599999904632568,6.486396312713623
30-08-2011,6.199999809265137,6.199999809265137,154550,6.900000095367432,6.5,6.388117790222168
31-08-2011,6.099999904632568,6.5,166890,6.699999809265137,6.099999904632568,5.995003700256348
01-09-2011,6.0,6.199999809265137,115360,6.300000190734863,6.099999904632568,5.995003700256348
02-09-2011,5.800000190734863,6.0,182730,6.199999809265137,5.900000095367432,5.798445224761963
06-09-2011,5.400000095367432,5.800000190734863,159650,6.0,5.599999904632568,5.503608703613281
07-09-2011,5.699999809265137,5.699999809265137,148870,6.099999904632568,6.0,5.896723747253418
08-09-2011,5.699999809265137,5.900000095367432,150960,6.300000190734863,5.800000190734863,5.700167179107666
09-09-2011,5.400000095367432,5.699999809265137,118830,5.900000095367432,5.599999904632568,5.503608703613281
12-09-2011,4.900000095367432,5.5,280670,5.800000190734863,5.0,4.913936614990234
13-09-2011,4.800000190734863,5.099999904632568,189490,5.099999904632568,4.900000095367432,4.815657615661621
14-09-2011,4.800000190734863,4.900000095367432,137270,5.400000095367432,5.300000190734863,5.208773612976074
15-09-2011,5.300000190734863,5.400000095367432,194630,5.900000095367432,5.699999809265137,5.6018877029418945
16-09-2011,5.699999809265137,5.699999809265137,215960,6.099999904632568,5.699999809265137,5.6018877029418945
19-09-2011,5.400000095367432,5.599999904632568,61380,5.800000190734863,5.400000095367432,5.307051658630371
20-09-2011,5.199999809265137,5.800000190734863,268010,6.099999904632568,5.5,5.405330181121826
21-09-2011,5.0,5.5,125370,5.699999809265137,5.0,4.913936614990234
22-09-2011,4.699999809265137,4.900000095367432,236750,5.5,4.699999809265137,4.6190996170043945
23-09-2011,4.699999809265137,4.900000095367432,145070,5.0,4.900000095367432,4.815657615661621
26-09-2011,4.900000095367432,4.900000095367432,80050,5.400000095367432,5.099999904632568,5.0122151374816895
27-09-2011,4.900000095367432,5.199999809265137,116880,5.5,5.0,4.913936614990234
28-09-2011,4.900000095367432,5.0,98910,5.300000190734863,4.900000095367432,4.815657615661621
29-09-2011,5.0,5.099999904632568,114970,5.300000190734863,5.300000190734863,5.208773612976074
30-09-2011,4.800000190734863,5.199999809265137,160090,5.5,4.900000095367432,4.815657615661621
03-10-2011,4.900000095367432,4.900000095367432,153860,5.300000190734863,4.900000095367432,4.815657615661621
04-10-2011,4.800000190734863,4.900000095367432,180000,5.5,5.400000095367432,5.307051658630371
05-10-2011,4.900000095367432,5.400000095367432,125940,5.699999809265137,5.400000095367432,5.307051658630371
06-10-2011,5.300000190734863,5.300000190734863,169570,6.099999904632568,6.099999904632568,5.995003700256348
07-10-2011,5.900000095367432,6.099999904632568,127550,6.199999809265137,6.0,5.896723747253418
10-10-2011,6.099999904632568,6.099999904632568,130700,6.800000190734863,6.599999904632568,6.486396312713623
11-10-2011,6.199999809265137,6.5,137900,6.599999904632568,6.400000095367432,6.289839267730713
12-10-2011,6.400000095367432,6.400000095367432,94330,6.800000190734863,6.599999904632568,6.486396312713623
13-10-2011,6.199999809265137,6.5,52920,6.699999809265137,6.699999809265137,6.584674835205078
14-10-2011,6.699999809265137,7.300000190734863,109370,7.300000190734863,7.199999809265137,7.076068878173828
17-10-2011,7.0,7.099999904632568,123360,7.5,7.0,6.87951135635376
18-10-2011,7.0,7.199999809265137,174330,8.0,7.900000095367432,7.76401948928833
19-10-2011,7.900000095367432,7.900000095367432,314200,9.100000381469727,8.5,8.353692054748535
20-10-2011,7.699999809265137,8.600000381469727,129350,8.600000381469727,7.900000095367432,7.76401948928833
21-10-2011,7.5,8.399999618530273,122550,8.399999618530273,7.900000095367432,7.76401948928833
24-10-2011,7.699999809265137,8.0,108330,8.5,8.199999809265137,8.058856010437012
25-10-2011,7.800000190734863,8.0,80010,8.100000381469727,7.800000190734863,7.665741443634033
26-10-2011,6.699999809265137,8.0,291870,8.100000381469727,6.900000095367432,6.781233310699463
27-10-2011,7.0,7.900000095367432,191030,7.900000095367432,7.699999809265137,7.567461967468262
28-10-2011,7.199999809265137,7.699999809265137,121430,7.900000095367432,7.5,7.37090539932251
31-10-2011,7.099999904632568,7.5,88640,7.900000095367432,7.800000190734863,7.665741443634033
01-11-2011,7.199999809265137,7.400000095367432,91590,7.699999809265137,7.300000190734863,7.1743483543396
02-11-2011,7.300000190734863,7.400000095367432,74830,7.800000190734863,7.800000190734863,7.665741443634033
03-11-2011,7.5,7.800000190734863,67960,7.900000095367432,7.900000095367432,7.76401948928833
04-11-2011,7.599999904632568,7.800000190734863,40290,7.900000095367432,7.800000190734863,7.665741443634033
07-11-2011,7.300000190734863,7.300000190734863,52600,8.0,7.900000095367432,7.76401948928833
08-11-2011,7.599999904632568,8.0,66280,8.0,7.599999904632568,7.469184398651123
09-11-2011,7.0,7.300000190734863,107960,7.400000095367432,7.099999904632568,6.977789402008057
10-11-2011,6.599999904632568,7.5,102030,7.5,6.699999809265137,6.584674835205078
11-11-2011,6.699999809265137,6.800000190734863,92750,6.900000095367432,6.800000190734863,6.68295431137085
14-11-2011,6.5,6.800000190734863,60470,6.800000190734863,6.599999904632568,6.486396312713623
15-11-2011,6.599999904632568,6.599999904632568,39900,6.800000190734863,6.699999809265137,6.584674835205078
16-11-2011,6.599999904632568,6.800000190734863,154800,7.300000190734863,7.300000190734863,7.1743483543396
17-11-2011,7.300000190734863,7.400000095367432,151760,7.800000190734863,7.300000190734863,7.1743483543396
18-11-2011,7.199999809265137,7.300000190734863,55460,7.5,7.300000190734863,7.1743483543396
21-11-2011,7.0,7.0,76410,7.5,7.0,6.87951135635376
22-11-2011,6.599999904632568,7.0,91990,7.300000190734863,6.699999809265137,6.584674835205078
23-11-2011,6.099999904632568,6.5,199790,6.599999904632568,6.099999904632568,5.995003700256348
25-11-2011,5.800000190734863,6.099999904632568,48490,6.400000095367432,5.800000190734863,5.700167179107666
28-11-2011,6.0,6.199999809265137,180610,6.5,6.199999809265137,6.093281269073486
29-11-2011,5.900000095367432,6.199999809265137,62810,6.199999809265137,6.0,5.896723747253418
30-11-2011,5.199999809265137,6.300000190734863,725970,6.5,5.199999809265137,5.110494613647461
01-12-2011,5.199999809265137,5.400000095367432,157480,5.699999809265137,5.599999904632568,5.503608703613281
02-12-2011,5.599999904632568,5.900000095367432,102070,6.0,5.699999809265137,5.6018877029418945
05-12-2011,5.800000190734863,5.900000095367432,164900,6.0,5.900000095367432,5.798445224761963
06-12-2011,5.800000190734863,5.900000095367432,95780,6.300000190734863,6.199999809265137,6.093281269073486
07-12-2011,6.0,6.199999809265137,71880,6.400000095367432,6.199999809265137,6.093281269073486
08-12-2011,5.800000190734863,6.099999904632568,63220,6.300000190734863,5.800000190734863,5.700167179107666
09-12-2011,5.699999809265137,5.800000190734863,90900,6.099999904632568,5.900000095367432,5.798445224761963
12-12-2011,5.5,5.800000190734863,119100,5.800000190734863,5.599999904632568,5.503608703613281
13-12-2011,5.199999809265137,5.599999904632568,134040,5.699999809265137,5.300000190734863,5.208773612976074
14-12-2011,4.699999809265137,5.300000190734863,206660,5.400000095367432,5.0,4.913936614990234
15-12-2011,5.0,5.099999904632568,87460,5.300000190734863,5.099999904632568,5.0122151374816895
16-12-2011,4.599999904632568,5.199999809265137,159560,5.300000190734863,4.599999904632568,4.520821571350098
19-12-2011,4.800000190734863,4.800000190734863,182120,5.300000190734863,4.800000190734863,4.717379093170166
20-12-2011,4.900000095367432,5.0,134890,5.099999904632568,5.099999904632568,5.0122151374816895
21-12-2011,4.900000095367432,4.900000095367432,57880,5.199999809265137,5.099999904632568,5.0122151374816895
22-12-2011,5.099999904632568,5.099999904632568,95580,5.5,5.5,5.405330181121826
23-12-2011,5.400000095367432,5.5,147020,6.0,5.599999904632568,5.503608703613281
27-12-2011,5.300000190734863,5.900000095367432,139970,5.900000095367432,5.400000095367432,5.307051658630371
28-12-2011,5.0,5.400000095367432,244840,5.5,5.0,4.913936614990234
29-12-2011,4.900000095367432,5.099999904632568,188550,5.300000190734863,5.099999904632568,5.0122151374816895
30-12-2011,4.900000095367432,4.900000095367432,296090,5.199999809265137,5.099999904632568,5.0122151374816895
03-01-2012,5.199999809265137,5.199999809265137,214270,5.800000190734863,5.699999809265137,5.6018877029418945
04-01-2012,5.199999809265137,5.599999904632568,167180,6.199999809265137,6.0,5.896723747253418
05-01-2012,5.699999809265137,5.900000095367432,150700,6.400000095367432,6.199999809265137,6.093281269073486
06-01-2012,6.0,6.300000190734863,99530,6.300000190734863,6.0,5.896723747253418
09-01-2012,5.900000095367432,6.099999904632568,104700,6.300000190734863,6.0,5.896723747253418
10-01-2012,5.900000095367432,6.099999904632568,111700,6.099999904632568,6.0,5.896723747253418
11-01-2012,5.900000095367432,6.0,186720,6.699999809265137,6.599999904632568,6.486396312713623
12-01-2012,6.5,7.0,201880,7.5,6.699999809265137,6.584674835205078
13-01-2012,6.5,6.699999809265137,76730,6.900000095367432,6.800000190734863,6.68295431137085
17-01-2012,6.5,7.0,89850,7.0,6.599999904632568,6.486396312713623
18-01-2012,6.5,6.599999904632568,194680,7.400000095367432,7.400000095367432,7.2726263999938965
19-01-2012,7.099999904632568,7.5,147920,7.699999809265137,7.400000095367432,7.2726263999938965
20-01-2012,7.199999809265137,7.400000095367432,83260,7.599999904632568,7.599999904632568,7.469184398651123
23-01-2012,7.300000190734863,7.599999904632568,101100,7.599999904632568,7.5,7.37090539932251
24-01-2012,7.199999809265137,7.400000095367432,131130,7.900000095367432,7.900000095367432,7.76401948928833
25-01-2012,5.599999904632568,7.0,558030,7.0,6.099999904632568,5.995003700256348
26-01-2012,6.199999809265137,6.199999809265137,251810,7.0,6.599999904632568,6.486396312713623
27-01-2012,6.5,6.599999904632568,117190,7.0,6.800000190734863,6.68295431137085
30-01-2012,6.599999904632568,6.699999809265137,46500,6.900000095367432,6.699999809265137,6.584674835205078
31-01-2012,6.599999904632568,6.800000190734863,113830,7.0,6.900000095367432,6.781233310699463
01-02-2012,6.699999809265137,6.800000190734863,147210,7.400000095367432,7.199999809265137,7.076068878173828
02-02-2012,6.900000095367432,7.199999809265137,99180,7.5,7.0,6.87951135635376
03-02-2012,7.199999809265137,7.400000095367432,240800,7.699999809265137,7.599999904632568,7.469184398651123
06-02-2012,7.300000190734863,7.5,78430,7.599999904632568,7.400000095367432,7.2726263999938965
07-02-2012,7.5,7.5,95420,7.900000095367432,7.800000190734863,7.665741443634033
08-02-2012,7.800000190734863,8.399999618530273,176250,8.399999618530273,8.0,7.86229944229126
09-02-2012,7.300000190734863,8.0,166560,8.199999809265137,7.300000190734863,7.1743483543396
10-02-2012,7.400000095367432,7.400000095367432,65940,7.599999904632568,7.400000095367432,7.2726263999938965
13-02-2012,7.400000095367432,7.599999904632568,65330,7.699999809265137,7.5,7.37090539932251
14-02-2012,7.199999809265137,7.5,73390,7.800000190734863,7.400000095367432,7.2726263999938965
15-02-2012,6.5,7.5,144070,7.5,7.099999904632568,6.977789402008057
16-02-2012,6.800000190734863,7.0,90650,7.199999809265137,7.0,6.87951135635376
17-02-2012,6.800000190734863,7.199999809265137,74760,7.199999809265137,6.900000095367432,6.781233310699463
21-02-2012,6.900000095367432,6.900000095367432,79480,7.300000190734863,7.199999809265137,7.076068878173828
22-02-2012,7.0,7.199999809265137,47860,7.5,7.199999809265137,7.076068878173828
23-02-2012,7.199999809265137,7.300000190734863,100500,7.599999904632568,7.599999904632568,7.469184398651123
24-02-2012,7.5,7.599999904632568,106750,7.900000095367432,7.5,7.37090539932251
27-02-2012,6.900000095367432,7.0,130990,7.599999904632568,7.5,7.37090539932251
28-02-2012,7.199999809265137,7.400000095367432,99190,7.5,7.300000190734863,7.1743483543396
29-02-2012,7.099999904632568,7.400000095367432,135030,7.5,7.199999809265137,7.076068878173828
01-03-2012,7.199999809265137,7.300000190734863,132810,7.599999904632568,7.400000095367432,7.2726263999938965
02-03-2012,7.300000190734863,7.5,82140,7.699999809265137,7.400000095367432,7.2726263999938965
05-03-2012,7.300000190734863,7.400000095367432,40970,7.599999904632568,7.599999904632568,7.469184398651123
06-03-2012,7.400000095367432,7.599999904632568,307210,8.399999618530273,8.0,7.86229944229126
07-03-2012,8.0,8.100000381469727,278010,9.199999809265137,9.100000381469727,8.943365097045898
08-03-2012,9.100000381469727,9.600000381469727,552440,10.199999809265137,9.800000190734863,9.631315231323242
09-03-2012,9.699999809265137,10.0,454810,10.5,10.399999618530273,10.220989227294922
12-03-2012,10.0,10.5,441940,10.899999618530273,10.300000190734863,10.122710227966309
13-03-2012,10.100000381469727,10.300000190734863,224260,10.5,10.399999618530273,10.220989227294922
14-03-2012,10.0,10.5,245630,10.600000381469727,10.0,9.827873229980469
15-03-2012,8.0,10.100000381469727,739560,10.100000381469727,9.0,8.845086097717285
16-03-2012,8.800000190734863,9.0,294740,9.899999618530273,9.800000190734863,9.631315231323242
19-03-2012,9.600000381469727,9.800000190734863,210370,10.300000190734863,10.0,9.827873229980469
20-03-2012,9.800000190734863,10.0,121470,10.199999809265137,10.0,9.827873229980469
21-03-2012,9.800000190734863,10.0,93200,10.100000381469727,9.899999618530273,9.729594230651855
22-03-2012,9.699999809265137,9.800000190734863,85660,10.0,9.699999809265137,9.533037185668945
23-03-2012,9.600000381469727,9.699999809265137,35520,9.899999618530273,9.899999618530273,9.729594230651855
26-03-2012,9.899999618530273,10.0,131760,10.199999809265137,10.100000381469727,9.926153182983398
27-03-2012,9.699999809265137,10.100000381469727,81840,10.100000381469727,9.699999809265137,9.533037185668945
28-03-2012,9.399999618530273,9.800000190734863,91110,9.800000190734863,9.600000381469727,9.434758186340332
29-03-2012,9.300000190734863,9.5,49480,9.600000381469727,9.399999618530273,9.238199234008789
30-03-2012,9.199999809265137,9.699999809265137,58240,9.699999809265137,9.199999809265137,9.041643142700195
02-04-2012,8.899999618530273,9.199999809265137,188760,9.199999809265137,9.199999809265137,9.041643142700195
03-04-2012,8.899999618530273,9.199999809265137,102360,9.199999809265137,9.0,8.845086097717285
04-04-2012,8.600000381469727,8.800000190734863,109210,8.899999618530273,8.699999809265137,8.550249099731445
05-04-2012,8.5,8.699999809265137,81690,9.0,8.899999618530273,8.746807098388672
09-04-2012,8.5,8.600000381469727,138810,9.100000381469727,8.899999618530273,8.746807098388672
10-04-2012,7.699999809265137,9.0,228290,9.399999618530273,8.600000381469727,8.451973915100098
11-04-2012,8.5,8.600000381469727,87220,8.899999618530273,8.5,8.353692054748535
12-04-2012,7.900000095367432,8.699999809265137,163260,8.699999809265137,8.399999618530273,8.255413055419922
13-04-2012,8.100000381469727,8.300000190734863,80210,8.5,8.399999618530273,8.255413055419922
16-04-2012,8.0,8.5,94510,8.5,8.199999809265137,8.058856010437012
17-04-2012,8.199999809265137,8.199999809265137,73730,8.600000381469727,8.600000381469727,8.451973915100098
18-04-2012,8.300000190734863,8.5,62910,8.600000381469727,8.5,8.353692054748535
19-04-2012,8.199999809265137,8.5,67310,8.699999809265137,8.300000190734863,8.157134056091309
20-04-2012,8.199999809265137,8.899999618530273,70580,8.899999618530273,8.5,8.353692054748535
23-04-2012,8.100000381469727,8.300000190734863,73650,8.399999618530273,8.199999809265137,8.058856010437012
24-04-2012,8.100000381469727,8.199999809265137,43040,8.5,8.5,8.353692054748535
25-04-2012,8.300000190734863,8.5,68530,8.600000381469727,8.600000381469727,8.451973915100098
26-04-2012,8.199999809265137,8.600000381469727,35760,8.600000381469727,8.600000381469727,8.451973915100098
27-04-2012,8.399999618530273,8.600000381469727,111570,8.899999618530273,8.699999809265137,8.550249099731445
30-04-2012,8.5,8.600000381469727,111390,9.199999809265137,8.699999809265137,8.550249099731445
01-05-2012,8.600000381469727,8.899999618530273,244400,9.699999809265137,8.800000190734863,8.648530006408691
02-05-2012,8.699999809265137,8.800000190734863,89020,9.5,9.5,9.336480140686035
03-05-2012,9.300000190734863,9.399999618530273,302540,10.5,9.699999809265137,9.533037185668945
04-05-2012,9.199999809265137,9.699999809265137,135410,10.0,9.399999618530273,9.238199234008789
07-05-2012,9.0,9.300000190734863,94200,9.600000381469727,9.199999809265137,9.041643142700195
08-05-2012,8.600000381469727,9.0,77640,9.100000381469727,8.899999618530273,8.746807098388672
09-05-2012,8.5,8.800000190734863,63530,8.800000190734863,8.600000381469727,8.451973915100098
10-05-2012,8.399999618530273,8.699999809265137,60020,8.800000190734863,8.5,8.353692054748535
11-05-2012,8.300000190734863,8.600000381469727,55860,8.600000381469727,8.5,8.353692054748535
14-05-2012,8.100000381469727,8.300000190734863,52190,8.5,8.100000381469727,7.960578918457031
15-05-2012,8.0,8.100000381469727,68730,8.300000190734863,8.100000381469727,7.960578918457031
16-05-2012,7.800000190734863,8.0,95090,8.199999809265137,8.0,7.86229944229126
17-05-2012,7.800000190734863,8.0,85240,8.100000381469727,7.800000190734863,7.665741443634033
18-05-2012,7.400000095367432,7.699999809265137,85220,7.900000095367432,7.5,7.37090539932251
21-05-2012,7.5,7.599999904632568,81710,7.900000095367432,7.699999809265137,7.567461967468262
22-05-2012,7.699999809265137,7.699999809265137,46410,8.0,7.699999809265137,7.567461967468262
23-05-2012,7.400000095367432,7.599999904632568,97100,7.900000095367432,7.599999904632568,7.469184398651123
24-05-2012,7.699999809265137,7.699999809265137,46280,8.0,7.900000095367432,7.76401948928833
25-05-2012,7.599999904632568,7.900000095367432,76240,7.900000095367432,7.599999904632568,7.469184398651123
29-05-2012,7.599999904632568,7.699999809265137,32720,7.900000095367432,7.800000190734863,7.665741443634033
30-05-2012,7.400000095367432,7.699999809265137,43120,7.699999809265137,7.5,7.37090539932251
31-05-2012,7.400000095367432,7.5,95030,7.900000095367432,7.599999904632568,7.469184398651123
01-06-2012,7.400000095367432,7.400000095367432,64440,7.900000095367432,7.5,7.37090539932251
04-06-2012,7.5,7.599999904632568,54490,7.800000190734863,7.599999904632568,7.469184398651123
05-06-2012,7.400000095367432,7.5,33620,7.800000190734863,7.5,7.37090539932251
06-06-2012,7.5,7.599999904632568,141070,7.699999809265137,7.599999904632568,7.469184398651123
07-06-2012,7.400000095367432,7.699999809265137,70440,7.800000190734863,7.5,7.37090539932251
08-06-2012,7.400000095367432,7.5,104280,7.599999904632568,7.5,7.37090539932251
11-06-2012,7.0,7.599999904632568,84540,7.699999809265137,7.0,6.87951135635376
12-06-2012,7.0,7.099999904632568,109400,7.400000095367432,7.099999904632568,6.977789402008057
13-06-2012,6.800000190734863,7.0,89260,7.199999809265137,7.0,6.87951135635376
14-06-2012,6.800000190734863,7.0,86930,7.400000095367432,7.300000190734863,7.1743483543396
15-06-2012,6.900000095367432,7.199999809265137,148370,7.5,7.400000095367432,7.2726263999938965
18-06-2012,7.099999904632568,7.300000190734863,163650,7.5,7.300000190734863,7.1743483543396
19-06-2012,7.300000190734863,7.300000190734863,150860,7.699999809265137,7.400000095367432,7.2726263999938965
20-06-2012,7.400000095367432,7.400000095367432,163710,7.699999809265137,7.5,7.37090539932251
21-06-2012,7.099999904632568,7.5,165000,7.599999904632568,7.099999904632568,6.977789402008057
22-06-2012,6.599999904632568,7.099999904632568,2365550,7.900000095367432,6.900000095367432,6.781233310699463
25-06-2012,7.0,7.199999809265137,150690,7.300000190734863,7.199999809265137,7.076068878173828
26-06-2012,7.099999904632568,7.199999809265137,92870,7.300000190734863,7.099999904632568,6.977789402008057
27-06-2012,7.199999809265137,7.199999809265137,209140,7.699999809265137,7.699999809265137,7.567461967468262
28-06-2012,7.400000095367432,7.699999809265137,64780,7.699999809265137,7.599999904632568,7.469184398651123
29-06-2012,7.699999809265137,7.699999809265137,132350,8.399999618530273,8.399999618530273,8.255413055419922
02-07-2012,8.0,8.399999618530273,55570,8.399999618530273,8.100000381469727,7.960578918457031
03-07-2012,8.0,8.199999809265137,65140,8.399999618530273,8.100000381469727,7.960578918457031
05-07-2012,8.100000381469727,8.100000381469727,65270,8.5,8.399999618530273,8.255413055419922
06-07-2012,8.0,8.300000190734863,96390,8.399999618530273,8.0,7.86229944229126
09-07-2012,7.800000190734863,8.199999809265137,65750,8.5,8.0,7.86229944229126
10-07-2012,8.100000381469727,8.5,64070,8.5,8.5,8.353692054748535
11-07-2012,8.199999809265137,8.399999618530273,38510,8.5,8.399999618530273,8.255413055419922
12-07-2012,8.100000381469727,8.399999618530273,42030,8.5,8.5,8.353692054748535
13-07-2012,8.399999618530273,8.5,182770,9.199999809265137,8.899999618530273,8.746807098388672
16-07-2012,8.800000190734863,9.0,184960,9.600000381469727,9.300000190734863,9.139923095703125
17-07-2012,9.199999809265137,9.600000381469727,174550,9.600000381469727,9.300000190734863,9.139923095703125
18-07-2012,9.0,10.800000190734863,775980,10.899999618530273,9.300000190734863,9.139923095703125
19-07-2012,9.0,9.100000381469727,101320,9.600000381469727,9.300000190734863,9.139923095703125
20-07-2012,8.800000190734863,9.199999809265137,122130,9.399999618530273,9.100000381469727,8.943365097045898
23-07-2012,8.5,9.100000381469727,65660,9.199999809265137,9.0,8.845086097717285
24-07-2012,8.699999809265137,9.199999809265137,117620,9.199999809265137,9.100000381469727,8.943365097045898
25-07-2012,8.800000190734863,9.300000190734863,74500,9.300000190734863,9.100000381469727,8.943365097045898
26-07-2012,8.899999618530273,9.199999809265137,90410,9.5,9.399999618530273,9.238199234008789
27-07-2012,9.100000381469727,9.5,82520,9.600000381469727,9.300000190734863,9.139923095703125
30-07-2012,8.699999809265137,9.0,160180,9.100000381469727,8.899999618530273,8.746807098388672
31-07-2012,8.699999809265137,8.699999809265137,119290,9.100000381469727,8.699999809265137,8.550249099731445
01-08-2012,8.800000190734863,8.899999618530273,33810,9.0,8.899999618530273,8.746807098388672
02-08-2012,8.699999809265137,8.899999618530273,45290,9.0,8.800000190734863,8.648530006408691
03-08-2012,8.600000381469727,9.0,39130,9.0,8.699999809265137,8.550249099731445
06-08-2012,8.699999809265137,8.800000190734863,34720,9.100000381469727,8.899999618530273,8.746807098388672
07-08-2012,8.899999618530273,8.899999618530273,30410,9.100000381469727,9.0,8.845086097717285
08-08-2012,8.899999618530273,8.899999618530273,66420,9.399999618530273,9.300000190734863,9.139923095703125
09-08-2012,9.100000381469727,9.300000190734863,124960,9.600000381469727,9.5,9.336480140686035
10-08-2012,9.300000190734863,9.5,72700,9.800000190734863,9.5,9.336480140686035
13-08-2012,9.300000190734863,9.399999618530273,27820,9.600000381469727,9.5,9.336480140686035
14-08-2012,9.399999618530273,9.5,63380,9.699999809265137,9.600000381469727,9.434758186340332
15-08-2012,9.399999618530273,9.699999809265137,78830,9.899999618530273,9.600000381469727,9.434758186340332
16-08-2012,9.399999618530273,9.600000381469727,50110,9.699999809265137,9.5,9.336480140686035
17-08-2012,9.399999618530273,9.699999809265137,58450,9.699999809265137,9.600000381469727,9.434758186340332
20-08-2012,9.399999618530273,9.5,36110,9.699999809265137,9.699999809265137,9.533037185668945
21-08-2012,9.399999618530273,9.399999618530273,51510,9.699999809265137,9.600000381469727,9.434758186340332
22-08-2012,9.399999618530273,9.399999618530273,39300,9.600000381469727,9.5,9.336480140686035
23-08-2012,9.399999618530273,9.5,50000,9.600000381469727,9.5,9.336480140686035
24-08-2012,9.300000190734863,9.5,31950,9.5,9.5,9.336480140686035
27-08-2012,9.300000190734863,9.300000190734863,51250,9.600000381469727,9.5,9.336480140686035
28-08-2012,9.399999618530273,9.399999618530273,48140,9.5,9.399999618530273,9.238199234008789
29-08-2012,9.300000190734863,9.300000190734863,30730,9.5,9.399999618530273,9.238199234008789
30-08-2012,9.0,9.300000190734863,78140,9.300000190734863,9.0,8.845086097717285
31-08-2012,9.0,9.0,45210,9.399999618530273,9.399999618530273,9.238199234008789
04-09-2012,9.100000381469727,9.399999618530273,45920,9.5,9.5,9.336480140686035
05-09-2012,9.199999809265137,9.199999809265137,58880,9.5,9.399999618530273,9.238199234008789
06-09-2012,9.300000190734863,9.300000190734863,134790,9.600000381469727,9.600000381469727,9.434758186340332
07-09-2012,9.399999618530273,9.399999618530273,74890,9.699999809265137,9.600000381469727,9.434758186340332
10-09-2012,9.300000190734863,9.5,76660,9.600000381469727,9.399999618530273,9.238199234008789
11-09-2012,9.300000190734863,9.300000190734863,106790,9.600000381469727,9.600000381469727,9.434758186340332
12-09-2012,9.300000190734863,9.600000381469727,76520,9.600000381469727,9.600000381469727,9.434758186340332
13-09-2012,9.399999618530273,9.699999809265137,128310,9.699999809265137,9.5,9.336480140686035
14-09-2012,9.5,9.5,189900,10.100000381469727,9.800000190734863,9.631315231323242
17-09-2012,9.899999618530273,10.0,376890,11.399999618530273,11.199999809265137,11.007217407226562
18-09-2012,10.600000381469727,11.100000381469727,171240,11.199999809265137,11.100000381469727,10.908940315246582
19-09-2012,10.899999618530273,11.0,159850,11.5,11.5,11.302053451538086
20-09-2012,11.100000381469727,11.5,177700,11.5,11.300000190734863,11.105497360229492
21-09-2012,11.399999618530273,11.600000381469727,291410,12.100000381469727,12.0,11.793447494506836
24-09-2012,11.300000190734863,12.100000381469727,373790,12.600000381469727,11.600000381469727,11.400334358215332
25-09-2012,10.5,11.5,337060,11.600000381469727,11.0,10.810660362243652
26-09-2012,10.199999809265137,10.699999809265137,407380,10.899999618530273,10.199999809265137,10.024430274963379
27-09-2012,10.0,10.199999809265137,402760,11.0,10.899999618530273,10.712380409240723
28-09-2012,10.5,10.699999809265137,183500,11.0,11.0,10.810660362243652
01-10-2012,10.699999809265137,10.899999618530273,215980,11.199999809265137,11.100000381469727,10.908940315246582
02-10-2012,10.399999618530273,11.600000381469727,248740,11.600000381469727,10.399999618530273,10.220989227294922
03-10-2012,10.300000190734863,10.399999618530273,186740,11.0,11.0,10.810660362243652
04-10-2012,10.699999809265137,10.899999618530273,274210,11.899999618530273,11.800000190734863,11.596890449523926
05-10-2012,11.699999809265137,11.800000190734863,133330,12.199999809265137,11.800000190734863,11.596890449523926
08-10-2012,11.5,11.699999809265137,95200,11.899999618530273,11.600000381469727,11.400334358215332
09-10-2012,11.300000190734863,11.5,115110,11.800000190734863,11.699999809265137,11.498612403869629
10-10-2012,11.600000381469727,11.800000190734863,25000,12.0,11.899999618530273,11.695169448852539
11-10-2012,11.770000457763672,11.920000076293945,640200,12.859999656677246,12.800000190734863,12.579678535461426
12-10-2012,12.850000381469727,12.899999618530273,827100,13.100000381469727,12.90999984741211,12.687785148620605
15-10-2012,12.850000381469727,13.0,446300,13.09000015258789,13.079999923706055,12.854857444763184
16-10-2012,13.140000343322754,13.529999732971191,489100,13.800000190734863,13.619999885559082,13.385562896728516
17-10-2012,13.630000114440918,13.670000076293945,479700,14.260000228881836,14.210000038146973,13.965408325195312
18-10-2012,14.020000457763672,14.300000190734863,517600,14.460000038146973,14.100000381469727,13.85730266571045
19-10-2012,13.420000076293945,14.079999923706055,570400,14.220000267028809,13.550000190734863,13.31676959991455
22-10-2012,13.59000015258789,13.59000015258789,398800,14.149999618530273,13.920000076293945,13.680398941040039
23-10-2012,13.619999885559082,13.720000267028809,254500,14.199999809265137,14.1899995803833,13.945754051208496
24-10-2012,13.369999885559082,14.420000076293945,1027800,14.770000457763672,13.5,13.267631530761719
25-10-2012,12.869999885559082,13.75,466800,13.829999923706055,13.100000381469727,12.874516487121582
26-10-2012,12.960000038146973,13.039999961853027,521200,13.180000305175781,13.100000381469727,12.874516487121582
31-10-2012,13.149999618530273,13.149999618530273,520800,13.829999923706055,13.800000190734863,13.562466621398926
01-11-2012,13.899999618530273,13.920000076293945,688100,14.529999732971191,14.5,14.250414848327637
02-11-2012,14.350000381469727,14.5,267900,14.6899995803833,14.529999732971191,14.279898643493652
05-11-2012,14.760000228881836,14.760000228881836,726200,15.619999885559082,15.359999656677246,15.095613479614258
06-11-2012,15.420000076293945,15.529999732971191,605300,16.219999313354492,16.0,15.72459888458252
07-11-2012,15.449999809265137,16.0,640200,16.0,15.640000343322754,15.370792388916016
08-11-2012,15.699999809265137,15.699999809265137,470100,16.350000381469727,16.200000762939453,15.921157836914062
09-11-2012,15.920000076293945,16.100000381469727,357000,16.3799991607666,16.06999969482422,15.7933931350708
12-11-2012,16.170000076293945,16.25,303900,16.479999542236328,16.40999984741211,16.127538681030273
13-11-2012,15.850000381469727,16.200000762939453,493400,16.75,16.68000030517578,16.39289665222168
14-11-2012,16.239999771118164,16.739999771118164,308400,16.829999923706055,16.329999923706055,16.04891586303711
15-11-2012,15.210000038146973,16.309999465942383,645900,16.489999771118164,15.4399995803833,15.174237251281738
16-11-2012,15.210000038146973,15.350000381469727,311300,15.930000305175781,15.819999694824219,15.547694206237793
19-11-2012,16.030000686645508,16.030000686645508,383700,16.670000076293945,16.59000015258789,16.304439544677734
20-11-2012,16.139999389648438,16.360000610351562,289000,16.719999313354492,16.56999969482422,16.284788131713867
21-11-2012,16.399999618530273,16.59000015258789,189200,16.700000762939453,16.5,16.215991973876953
23-11-2012,16.520000457763672,16.520000457763672,116900,16.65999984741211,16.65999984741211,16.37323570251465
26-11-2012,16.5,16.68000030517578,192000,16.75,16.649999618530273,16.3634090423584
27-11-2012,16.510000228881836,16.649999618530273,375800,16.829999923706055,16.81999969482422,16.530481338500977
28-11-2012,16.40999984741211,16.40999984741211,577100,17.5,17.489999771118164,17.18895149230957
29-11-2012,17.56999969482422,17.56999969482422,415600,18.09000015258789,17.989999771118164,17.68034553527832
30-11-2012,17.700000762939453,18.0,704100,18.540000915527344,18.260000228881836,17.945697784423828
03-12-2012,18.139999389648438,18.399999618530273,430100,18.690000534057617,18.549999237060547,18.230703353881836
04-12-2012,18.56999969482422,18.600000381469727,518200,19.0,19.0,18.67296028137207
05-12-2012,19.0,19.049999237060547,404600,19.420000076293945,19.149999618530273,18.82038116455078
06-12-2012,18.239999771118164,19.09000015258789,691200,19.190000534057617,18.530000686645508,18.211048126220703
07-12-2012,18.5,18.649999618530273,260600,18.90999984741211,18.690000534057617,18.368297576904297
10-12-2012,18.5,18.739999771118164,228800,18.850000381469727,18.829999923706055,18.50588607788086
11-12-2012,18.799999237060547,18.809999465942383,425800,19.200000762939453,19.040000915527344,18.71227264404297
12-12-2012,18.90999984741211,19.139999389648438,236400,19.229999542236328,19.0,18.67296028137207
13-12-2012,18.610000610351562,19.0,241100,19.100000381469727,18.719999313354492,18.397775650024414
14-12-2012,18.700000762939453,18.860000610351562,223900,18.889999389648438,18.729999542236328,18.40760612487793
17-12-2012,18.709999084472656,18.799999237060547,280700,19.049999237060547,19.049999237060547,18.722097396850586
18-12-2012,18.989999771118164,19.049999237060547,296600,19.190000534057617,19.110000610351562,18.781063079833984
19-12-2012,19.1200008392334,19.200000762939453,250400,19.34000015258789,19.290000915527344,18.957969665527344
20-12-2012,19.229999542236328,19.25,303700,19.440000534057617,19.420000076293945,19.085729598999023
21-12-2012,18.579999923706055,18.989999771118164,475600,19.15999984741211,19.06999969482422,18.74175262451172
24-12-2012,18.8700008392334,19.1200008392334,110700,19.1200008392334,18.950000762939453,18.623825073242188
26-12-2012,18.860000610351562,19.06999969482422,232500,19.280000686645508,19.200000762939453,18.869516372680664
27-12-2012,18.75,19.200000762939453,197600,19.280000686645508,18.920000076293945,18.594337463378906
28-12-2012,18.760000228881836,18.899999618530273,114700,19.040000915527344,18.850000381469727,18.525543212890625
31-12-2012,18.770000457763672,18.770000457763672,262500,19.5,19.399999618530273,19.06607437133789
02-01-2013,20.0,20.290000915527344,471700,20.3799991607666,20.25,19.90144157409668
03-01-2013,19.610000610351562,20.299999237060547,463900,20.31999969482422,19.860000610351562,19.518156051635742
04-01-2013,19.0,19.889999389648438,667200,20.139999389648438,19.3799991607666,19.046415328979492
07-01-2013,19.18000030517578,19.3799991607666,212500,19.459999084472656,19.270000457763672,18.938310623168945
08-01-2013,19.290000915527344,19.31999969482422,364000,19.579999923706055,19.3700008392334,19.036590576171875
09-01-2013,18.920000076293945,19.450000762939453,346700,19.489999771118164,18.940000534057617,18.613990783691406
10-01-2013,17.8799991607666,18.899999618530273,965700,19.18000030517578,18.649999618530273,18.328983306884766
11-01-2013,17.40999984741211,18.540000915527344,955000,18.639999389648438,17.850000381469727,17.542753219604492
14-01-2013,16.969999313354492,17.780000686645508,1008700,18.0,17.0,16.70738410949707
15-01-2013,16.780000686645508,16.829999923706055,651700,17.639999389648438,17.350000381469727,17.051361083984375
16-01-2013,17.15999984741211,17.34000015258789,645300,17.610000610351562,17.18000030517578,16.884286880493164
17-01-2013,17.09000015258789,17.329999923706055,596100,17.459999084472656,17.25,16.953079223632812
18-01-2013,17.1299991607666,17.25,367700,17.280000686645508,17.200000762939453,16.903947830200195
22-01-2013,17.18000030517578,17.200000762939453,423600,17.65999984741211,17.6299991607666,17.3265380859375
23-01-2013,17.219999313354492,17.649999618530273,742500,17.799999237060547,17.739999771118164,17.434648513793945
24-01-2013,15.199999809265137,18.030000686645508,2757100,18.18000030517578,15.569999694824219,15.302000045776367
25-01-2013,15.539999961853027,15.569999694824219,1552000,16.530000686645508,15.989999771118164,15.71476936340332
28-01-2013,15.539999961853027,16.079999923706055,628100,16.139999389648438,15.800000190734863,15.52803897857666
29-01-2013,15.890000343322754,16.0,492200,16.149999618530273,15.90999984741211,15.636146545410156
30-01-2013,15.5,15.859999656677246,442800,15.899999618530273,15.510000228881836,15.24303150177002
31-01-2013,15.40999984741211,15.460000038146973,467200,15.75,15.729999542236328,15.459243774414062
01-02-2013,15.729999542236328,15.739999771118164,597400,16.190000534057617,15.989999771118164,15.71476936340332
04-02-2013,15.760000228881836,15.859999656677246,278300,16.049999237060547,15.800000190734863,15.52803897857666
05-02-2013,15.550000190734863,15.8100004196167,301800,16.100000381469727,16.010000228881836,15.73442554473877
06-02-2013,15.069999694824219,15.399999618530273,923600,15.6899995803833,15.529999732971191,15.262686729431152
07-02-2013,15.279999732971191,15.569999694824219,169100,15.649999618530273,15.399999618530273,15.134923934936523
08-02-2013,15.34000015258789,15.40999984741211,236100,15.75,15.729999542236328,15.459243774414062
11-02-2013,15.079999923706055,15.640000343322754,491900,15.6899995803833,15.579999923706055,15.3118257522583
12-02-2013,15.489999771118164,15.579999923706055,235200,15.739999771118164,15.539999961853027,15.272516250610352
13-02-2013,15.140000343322754,15.539999961853027,174800,15.5600004196167,15.229999542236328,14.967849731445312
14-02-2013,14.779999732971191,15.1899995803833,478100,15.239999771118164,15.069999694824219,14.8106050491333
15-02-2013,14.800000190734863,15.039999961853027,316300,15.119999885559082,15.010000228881836,14.751636505126953
19-02-2013,14.760000228881836,15.029999732971191,654800,15.039999961853027,14.9399995803833,14.682843208312988
20-02-2013,14.350000381469727,14.920000076293945,522300,14.920000076293945,14.4399995803833,14.191448211669922
21-02-2013,13.350000381469727,14.300000190734863,930300,14.319999694824219,13.75,13.513324737548828
22-02-2013,13.800000190734863,13.899999618530273,490100,14.140000343322754,14.0,13.75902271270752
25-02-2013,13.40999984741211,14.0600004196167,528300,14.199999809265137,13.449999809265137,13.218488693237305
26-02-2013,12.930000305175781,13.569999694824219,583300,13.640000343322754,13.359999656677246,13.130038261413574
27-02-2013,13.300000190734863,13.319999694824219,310800,13.779999732971191,13.6899995803833,13.45435905456543
28-02-2013,13.3100004196167,13.649999618530273,476900,13.760000228881836,13.59000015258789,13.3560791015625
01-03-2013,13.34000015258789,13.510000228881836,257400,13.930000305175781,13.649999618530273,13.415045738220215
04-03-2013,12.779999732971191,13.5600004196167,1012400,13.569999694824219,13.199999809265137,12.972792625427246
05-03-2013,12.949999809265137,13.15999984741211,974900,13.300000190734863,13.029999732971191,12.805717468261719
06-03-2013,13.0,13.029999732971191,561900,13.779999732971191,13.579999923706055,13.346253395080566
07-03-2013,13.640000343322754,13.640000343322754,679800,14.300000190734863,14.279999732971191,14.034202575683594
08-03-2013,14.279999732971191,14.329999923706055,595900,15.010000228881836,14.930000305175781,14.673015594482422
11-03-2013,14.930000305175781,14.960000038146973,622800,15.350000381469727,15.319999694824219,15.05630111694336
12-03-2013,14.6899995803833,15.270000457763672,405600,15.34000015258789,14.989999771118164,14.731982231140137
13-03-2013,14.0600004196167,14.5,522300,14.600000381469727,14.489999771118164,14.240588188171387
14-03-2013,13.760000228881836,14.489999771118164,659600,14.539999961853027,14.100000381469727,13.85730266571045
15-03-2013,13.920000076293945,13.989999771118164,409700,14.199999809265137,13.949999809265137,13.709881782531738
18-03-2013,13.569999694824219,13.729999542236328,341900,13.84000015258789,13.800000190734863,13.562466621398926
19-03-2013,13.520000457763672,13.829999923706055,256800,14.149999618530273,13.529999732971191,13.297113418579102
20-03-2013,13.1899995803833,13.520000457763672,176100,13.819999694824219,13.710000038146973,13.474013328552246
21-03-2013,13.5,13.600000381469727,120300,13.779999732971191,13.529999732971191,13.297113418579102
22-03-2013,13.5,13.609999656677246,146900,13.6899995803833,13.529999732971191,13.297113418579102
25-03-2013,13.550000190734863,13.550000190734863,236000,13.930000305175781,13.90999984741211,13.670572280883789
26-03-2013,13.829999923706055,14.010000228881836,315300,14.1899995803833,13.829999923706055,13.591949462890625
27-03-2013,13.699999809265137,13.739999771118164,161600,14.0600004196167,13.949999809265137,13.709881782531738
28-03-2013,13.829999923706055,14.029999732971191,325200,14.119999885559082,13.930000305175781,13.690229415893555
01-04-2013,13.649999618530273,13.869999885559082,255700,14.029999732971191,13.8100004196167,13.572294235229492
02-04-2013,13.6899995803833,13.869999885559082,361400,13.979999542236328,13.75,13.513324737548828
03-04-2013,13.5,13.739999771118164,319900,13.779999732971191,13.640000343322754,13.405220031738281
04-04-2013,13.529999732971191,13.65999984741211,338800,14.100000381469727,14.079999923706055,13.837644577026367
05-04-2013,13.619999885559082,13.720000267028809,647700,14.720000267028809,14.479999542236328,14.230761528015137
08-04-2013,14.470000267028809,14.579999923706055,460200,14.9399995803833,14.9399995803833,14.682843208312988
09-04-2013,14.050000190734863,14.949999809265137,662600,15.0,14.079999923706055,13.837644577026367
10-04-2013,13.859999656677246,14.100000381469727,414100,14.270000457763672,14.020000457763672,13.778677940368652
11-04-2013,13.210000038146973,13.890000343322754,1311500,14.949999809265137,14.850000381469727,14.594390869140625
12-04-2013,14.34000015258789,14.770000457763672,501300,15.149999618530273,14.350000381469727,14.102998733520508
15-04-2013,13.210000038146973,14.25,628000,14.329999923706055,13.5,13.267631530761719
16-04-2013,13.5600004196167,13.630000114440918,366700,13.890000343322754,13.800000190734863,13.562466621398926
17-04-2013,13.65999984741211,13.65999984741211,451900,13.90999984741211,13.890000343322754,13.65091609954834
18-04-2013,13.630000114440918,13.9399995803833,359900,13.9399995803833,13.649999618530273,13.415045738220215
19-04-2013,13.569999694824219,13.65999984741211,517700,13.75,13.699999809265137,13.464186668395996
22-04-2013,13.6899995803833,13.8100004196167,314400,14.239999771118164,14.149999618530273,13.906440734863281
23-04-2013,13.970000267028809,14.1899995803833,368300,14.479999542236328,14.0,13.75902271270752
24-04-2013,12.630000114440918,13.300000190734863,1344400,13.34000015258789,13.100000381469727,12.874516487121582
25-04-2013,13.130000114440918,13.380000114440918,517300,13.609999656677246,13.210000038146973,12.982619285583496
26-04-2013,12.640000343322754,13.109999656677246,601400,13.119999885559082,12.729999542236328,12.510881423950195
29-04-2013,12.569999694824219,12.739999771118164,487300,12.930000305175781,12.600000381469727,12.383119583129883
30-04-2013,12.329999923706055,12.649999618530273,420200,12.65999984741211,12.40999984741211,12.196390151977539
01-05-2013,12.289999961853027,12.369999885559082,470500,12.760000228881836,12.729999542236328,12.510881423950195
02-05-2013,12.630000114440918,12.880000114440918,453700,13.109999656677246,12.640000343322754,12.422430992126465
03-05-2013,12.699999809265137,12.699999809265137,597300,13.390000343322754,13.199999809265137,12.972792625427246
06-05-2013,12.989999771118164,13.359999656677246,343700,13.369999885559082,13.079999923706055,12.854857444763184
07-05-2013,13.109999656677246,13.119999885559082,157700,13.289999961853027,13.25,13.021932601928711
08-05-2013,13.149999618530273,13.260000228881836,102700,13.4399995803833,13.270000457763672,13.041586875915527
09-05-2013,13.100000381469727,13.270000457763672,213700,13.350000381469727,13.109999656677246,12.8843412399292
10-05-2013,13.029999732971191,13.109999656677246,100500,13.1899995803833,13.149999618530273,12.923653602600098
13-05-2013,13.0,13.1899995803833,231500,13.270000457763672,13.050000190734863,12.825373649597168
14-05-2013,13.050000190734863,13.050000190734863,362800,13.289999961853027,13.1899995803833,12.962963104248047
15-05-2013,13.15999984741211,13.180000305175781,431500,14.0,13.970000267028809,13.72953987121582
16-05-2013,13.890000343322754,13.970000267028809,442100,14.25,14.170000076293945,13.926095962524414
17-05-2013,13.260000228881836,14.029999732971191,473700,14.180000305175781,13.40999984741211,13.179179191589355
20-05-2013,13.149999618530273,13.319999694824219,354400,13.600000381469727,13.289999961853027,13.061244010925293
21-05-2013,13.119999885559082,13.270000457763672,354600,13.369999885559082,13.300000190734863,13.07107162475586
22-05-2013,13.229999542236328,13.319999694824219,898200,14.050000190734863,13.359999656677246,13.130038261413574
23-05-2013,13.100000381469727,13.15999984741211,359100,13.720000267028809,13.6899995803833,13.45435905456543
24-05-2013,13.380000114440918,13.609999656677246,258000,13.699999809265137,13.420000076293945,13.189005851745605
28-05-2013,13.199999809265137,13.520000457763672,530500,13.630000114440918,13.239999771118164,13.012104988098145
29-05-2013,13.289999961853027,13.329999923706055,546800,13.869999885559082,13.8100004196167,13.572294235229492
30-05-2013,13.710000038146973,13.859999656677246,583100,14.369999885559082,14.279999732971191,14.034202575683594
31-05-2013,14.010000228881836,14.25,266100,14.270000457763672,14.010000228881836,13.768850326538086
03-06-2013,13.510000228881836,14.100000381469727,537000,14.100000381469727,13.670000076293945,13.434704780578613
04-06-2013,13.600000381469727,13.649999618530273,350600,13.829999923706055,13.75,13.513324737548828
05-06-2013,13.239999771118164,13.739999771118164,388900,13.739999771118164,13.239999771118164,13.012104988098145
06-06-2013,13.260000228881836,13.270000457763672,402900,13.670000076293945,13.319999694824219,13.090725898742676
07-06-2013,13.300000190734863,13.319999694824219,253300,13.600000381469727,13.489999771118164,13.257801055908203
10-06-2013,13.279999732971191,13.550000190734863,475100,13.649999618530273,13.4399995803833,13.208661079406738
11-06-2013,13.170000076293945,13.25,332900,13.449999809265137,13.260000228881836,13.031761169433594
12-06-2013,13.199999809265137,13.3100004196167,176400,13.670000076293945,13.260000228881836,13.031761169433594
13-06-2013,13.149999618530273,13.220000267028809,202800,13.640000343322754,13.600000381469727,13.3659086227417
14-06-2013,13.3100004196167,13.640000343322754,198900,13.649999618530273,13.449999809265137,13.218488693237305
17-06-2013,13.5,13.520000457763672,332800,13.970000267028809,13.850000381469727,13.611602783203125
18-06-2013,13.550000190734863,13.899999618530273,303800,13.90999984741211,13.880000114440918,13.64108943939209
19-06-2013,13.630000114440918,13.899999618530273,156100,13.899999618530273,13.630000114440918,13.395391464233398
20-06-2013,12.90999984741211,13.4399995803833,535300,13.510000228881836,13.029999732971191,12.805717468261719
21-06-2013,13.069999694824219,13.100000381469727,281200,13.40999984741211,13.239999771118164,13.012104988098145
24-06-2013,13.119999885559082,13.149999618530273,438800,13.75,13.65999984741211,13.424874305725098
25-06-2013,13.5,13.779999732971191,180200,13.84000015258789,13.619999885559082,13.385562896728516
26-06-2013,13.279999732971191,13.6899995803833,257500,13.75,13.5,13.267631530761719
27-06-2013,13.399999618530273,13.550000190734863,322800,13.869999885559082,13.8100004196167,13.572294235229492
28-06-2013,13.630000114440918,13.850000381469727,2285300,14.050000190734863,13.960000038146973,13.719711303710938
01-07-2013,13.9399995803833,13.960000038146973,489900,14.550000190734863,14.289999961853027,14.044031143188477
02-07-2013,14.09000015258789,14.359999656677246,352200,14.670000076293945,14.65999984741211,14.407661437988281
03-07-2013,14.359999656677246,14.5600004196167,100900,14.65999984741211,14.5,14.250414848327637
05-07-2013,14.350000381469727,14.670000076293945,192000,14.680000305175781,14.649999618530273,14.397833824157715
08-07-2013,14.3100004196167,14.729999542236328,453300,14.850000381469727,14.430000305175781,14.181621551513672
09-07-2013,14.449999809265137,14.510000228881836,441900,14.9399995803833,14.9399995803833,14.682843208312988
10-07-2013,14.710000038146973,14.949999809265137,277000,14.949999809265137,14.859999656677246,14.604220390319824
11-07-2013,14.420000076293945,15.0,156700,15.0,14.539999961853027,14.289729118347168
12-07-2013,14.489999771118164,14.5,143200,14.6899995803833,14.600000381469727,14.3486967086792
15-07-2013,14.619999885559082,14.699999809265137,162600,14.779999732971191,14.649999618530273,14.397833824157715
16-07-2013,14.470000267028809,14.649999618530273,223200,14.75,14.5,14.250414848327637
17-07-2013,14.520000457763672,14.5600004196167,172600,14.960000038146973,14.920000076293945,14.663186073303223
18-07-2013,14.970000267028809,14.970000267028809,288600,15.420000076293945,15.399999618530273,15.134923934936523
19-07-2013,15.319999694824219,15.40999984741211,140600,15.569999694824219,15.569999694824219,15.302000045776367
22-07-2013,15.489999771118164,15.569999694824219,266300,15.600000381469727,15.510000228881836,15.24303150177002
23-07-2013,15.470000267028809,15.5600004196167,282400,15.699999809265137,15.609999656677246,15.341309547424316
24-07-2013,14.850000381469727,15.369999885559082,1298100,15.979999542236328,15.640000343322754,15.370792388916016
25-07-2013,15.609999656677246,15.6899995803833,298200,15.90999984741211,15.90999984741211,15.636146545410156
26-07-2013,15.970000267028809,15.970000267028809,889800,17.0,16.959999084472656,16.66806983947754
29-07-2013,16.239999771118164,16.959999084472656,361700,16.979999542236328,16.40999984741211,16.127538681030273
30-07-2013,16.149999618530273,16.469999313354492,167900,16.520000457763672,16.219999313354492,15.940808296203613
31-07-2013,16.219999313354492,16.219999313354492,253000,16.540000915527344,16.399999618530273,16.117712020874023
01-08-2013,16.469999313354492,16.510000228881836,268800,16.93000030517578,16.770000457763672,16.481340408325195
02-08-2013,16.530000686645508,16.770000457763672,134400,16.790000915527344,16.75,16.461687088012695
05-08-2013,16.5,16.75,156000,16.780000686645508,16.600000381469727,16.314268112182617
06-08-2013,16.280000686645508,16.59000015258789,136400,16.649999618530273,16.530000686645508,16.245473861694336
07-08-2013,15.930000305175781,16.43000030517578,141500,16.43000030517578,16.1200008392334,15.84253215789795
08-08-2013,16.190000534057617,16.219999313354492,166300,16.459999084472656,16.40999984741211,16.127538681030273
09-08-2013,16.200000762939453,16.3799991607666,162100,16.459999084472656,16.239999771118164,15.960471153259277
12-08-2013,16.079999923706055,16.170000076293945,146600,16.34000015258789,16.229999542236328,15.950640678405762
13-08-2013,16.200000762939453,16.280000686645508,138300,16.530000686645508,16.520000457763672,16.23564910888672
14-08-2013,16.399999618530273,16.549999237060547,173500,16.690000534057617,16.40999984741211,16.127538681030273
15-08-2013,15.729999542236328,16.25,255900,16.25,15.789999961853027,15.51821231842041
16-08-2013,15.649999618530273,15.739999771118164,214900,15.960000038146973,15.670000076293945,15.400276184082031
19-08-2013,15.369999885559082,15.65999984741211,154900,15.930000305175781,15.489999771118164,15.223376274108887
20-08-2013,15.300000190734863,15.4399995803833,274400,15.5,15.479999542236328,15.213546752929688
21-08-2013,15.470000267028809,15.479999542236328,208300,15.800000190734863,15.539999961853027,15.272516250610352
22-08-2013,15.420000076293945,15.600000381469727,165200,15.6899995803833,15.539999961853027,15.272516250610352
23-08-2013,15.449999809265137,15.539999961853027,242400,15.65999984741211,15.489999771118164,15.223376274108887
26-08-2013,15.399999618530273,15.489999771118164,196200,15.699999809265137,15.470000267028809,15.203718185424805
27-08-2013,14.890000343322754,15.279999732971191,218200,15.329999923706055,15.0,14.74181079864502
28-08-2013,14.979999542236328,14.979999542236328,194600,15.380000114440918,15.180000305175781,14.918710708618164
29-08-2013,14.960000038146973,15.210000038146973,118800,15.390000343322754,15.020000457763672,14.761465072631836
30-08-2013,14.380000114440918,14.989999771118164,232300,14.989999771118164,14.5,14.250414848327637
03-09-2013,13.770000457763672,14.8100004196167,536800,14.90999984741211,14.039999961853027,13.798333168029785
04-09-2013,13.9399995803833,14.0600004196167,403800,14.289999961853027,14.130000114440918,13.886784553527832
05-09-2013,14.109999656677246,14.180000305175781,128100,14.319999694824219,14.260000228881836,14.014547348022461
06-09-2013,13.920000076293945,14.350000381469727,241600,14.40999984741211,14.100000381469727,13.85730266571045
09-09-2013,13.949999809265137,14.140000343322754,188100,14.229999542236328,14.109999656677246,13.86712646484375
10-09-2013,13.970000267028809,14.170000076293945,198800,14.220000267028809,14.010000228881836,13.768850326538086
11-09-2013,13.720000267028809,13.970000267028809,211400,14.079999923706055,13.75,13.513324737548828
12-09-2013,13.710000038146973,13.75,116500,13.829999923706055,13.760000228881836,13.523153305053711
13-09-2013,13.75,13.779999732971191,214800,14.229999542236328,14.180000305175781,13.93592357635498
16-09-2013,14.260000228881836,14.369999885559082,182100,14.430000305175781,14.34000015258789,14.093169212341309
17-09-2013,14.300000190734863,14.319999694824219,134200,14.579999923706055,14.579999923706055,14.329038619995117
18-09-2013,14.40999984741211,14.550000190734863,185800,14.789999961853027,14.680000305175781,14.427318572998047
19-09-2013,14.279999732971191,14.699999809265137,140200,14.699999809265137,14.319999694824219,14.073514938354492
20-09-2013,14.180000305175781,14.380000114440918,163400,14.430000305175781,14.40999984741211,14.161965370178223
23-09-2013,13.90999984741211,14.390000343322754,333200,14.399999618530273,14.239999771118164,13.994891166687012
24-09-2013,14.180000305175781,14.229999542236328,218400,14.449999809265137,14.390000343322754,14.142311096191406
25-09-2013,14.380000114440918,14.380000114440918,243800,14.970000267028809,14.739999771118164,14.486286163330078
26-09-2013,14.529999732971191,14.779999732971191,212300,14.880000114440918,14.600000381469727,14.3486967086792
27-09-2013,14.329999923706055,14.520000457763672,211400,14.569999694824219,14.539999961853027,14.289729118347168
30-09-2013,14.229999542236328,14.40999984741211,486600,14.760000228881836,14.760000228881836,14.505940437316895
01-10-2013,14.640000343322754,14.75,228300,14.960000038146973,14.920000076293945,14.663186073303223
02-10-2013,14.710000038146973,14.859999656677246,134400,14.869999885559082,14.859999656677246,14.604220390319824
03-10-2013,14.619999885559082,14.8100004196167,188100,14.949999809265137,14.739999771118164,14.486286163330078
04-10-2013,14.649999618530273,14.729999542236328,227100,15.109999656677246,15.079999923706055,14.82043170928955
07-10-2013,14.40999984741211,14.979999542236328,210500,14.979999542236328,14.520000457763672,14.270071983337402
08-10-2013,14.25,14.550000190734863,157600,14.5600004196167,14.25,14.004719734191895
09-10-2013,14.199999809265137,14.319999694824219,157200,14.4399995803833,14.260000228881836,14.014547348022461
10-10-2013,14.279999732971191,14.390000343322754,176400,14.720000267028809,14.670000076293945,14.41749095916748
11-10-2013,14.4399995803833,14.579999923706055,205300,14.819999694824219,14.75,14.496111869812012
14-10-2013,14.569999694824219,14.630000114440918,90900,14.930000305175781,14.920000076293945,14.663186073303223
15-10-2013,14.760000228881836,14.84000015258789,178100,15.170000076293945,15.069999694824219,14.8106050491333
16-10-2013,15.119999885559082,15.119999885559082,156400,15.550000190734863,15.210000038146973,14.948193550109863
17-10-2013,15.050000190734863,15.100000381469727,157400,15.5,15.5,15.233203887939453
18-10-2013,15.529999732971191,15.619999885559082,442800,15.90999984741211,15.779999732971191,15.508383750915527
21-10-2013,15.100000381469727,15.739999771118164,456900,15.739999771118164,15.210000038146973,14.948193550109863
22-10-2013,14.640000343322754,15.199999809265137,441600,15.220000267028809,14.65999984741211,14.407661437988281
23-10-2013,15.0,15.079999923706055,1445100,16.75,16.700000762939453,16.412548065185547
24-10-2013,16.260000228881836,16.65999984741211,497200,16.670000076293945,16.540000915527344,16.25530242919922
25-10-2013,16.360000610351562,16.68000030517578,239200,16.68000030517578,16.59000015258789,16.304439544677734
28-10-2013,16.139999389648438,16.510000228881836,347600,16.510000228881836,16.399999618530273,16.117712020874023
29-10-2013,16.299999237060547,16.3799991607666,435200,16.700000762939453,16.459999084472656,16.176677703857422
30-10-2013,16.040000915527344,16.440000534057617,397400,16.469999313354492,16.31999969482422,16.03908920288086
31-10-2013,16.209999084472656,16.290000915527344,218900,16.5,16.209999084472656,15.930980682373047
01-11-2013,15.8100004196167,16.18000030517578,205900,16.350000381469727,16.100000381469727,15.822874069213867
04-11-2013,15.920000076293945,16.100000381469727,180900,16.110000610351562,16.059999465942383,15.783564567565918
05-11-2013,15.859999656677246,15.960000038146973,141500,16.100000381469727,15.930000305175781,15.655802726745605
06-11-2013,15.859999656677246,16.020000457763672,112700,16.100000381469727,16.0,15.72459888458252
07-11-2013,16.610000610351562,16.610000610351562,1158600,18.56999969482422,17.81999969482422,17.513269424438477
08-11-2013,17.75,17.81999969482422,374800,18.5,17.920000076293945,17.611553192138672
11-11-2013,17.600000381469727,17.93000030517578,184500,18.270000457763672,18.1200008392334,17.8081111907959
12-11-2013,17.799999237060547,18.030000686645508,179000,18.190000534057617,18.0,17.69017219543457
13-11-2013,17.799999237060547,17.84000015258789,161200,18.200000762939453,18.149999618530273,17.83759117126465
14-11-2013,18.040000915527344,18.139999389648438,147400,18.350000381469727,18.25,17.935871124267578
15-11-2013,18.09000015258789,18.209999084472656,126900,18.389999389648438,18.209999084472656,17.896556854248047
18-11-2013,17.829999923706055,18.209999084472656,165800,18.350000381469727,17.8799991607666,17.572233200073242
19-11-2013,17.610000610351562,17.8799991607666,220700,18.030000686645508,17.65999984741211,17.35602569580078
20-11-2013,17.25,17.68000030517578,323300,17.75,17.59000015258789,17.2872314453125
21-11-2013,17.540000915527344,17.56999969482422,146100,17.75,17.65999984741211,17.35602569580078
22-11-2013,17.56999969482422,17.68000030517578,127200,17.790000915527344,17.729999542236328,17.42481803894043
25-11-2013,17.6200008392334,17.739999771118164,86400,17.780000686645508,17.639999389648438,17.336366653442383
26-11-2013,17.56999969482422,17.68000030517578,228200,17.75,17.649999618530273,17.3461971282959
27-11-2013,17.68000030517578,17.68000030517578,245000,18.190000534057617,18.15999984741211,17.847415924072266
29-11-2013,18.1299991607666,18.139999389648438,122600,18.6299991607666,18.350000381469727,18.034147262573242
02-12-2013,18.010000228881836,18.309999465942383,143300,18.3799991607666,18.040000915527344,17.729488372802734
03-12-2013,18.0,18.0,228600,18.190000534057617,18.15999984741211,17.847415924072266
04-12-2013,17.780000686645508,18.139999389648438,125800,18.190000534057617,17.940000534057617,17.631206512451172
05-12-2013,17.8700008392334,17.889999389648438,80900,18.1299991607666,18.040000915527344,17.729488372802734
06-12-2013,17.899999618530273,18.15999984741211,167000,18.34000015258789,18.139999389648438,17.827762603759766
09-12-2013,17.829999923706055,18.100000381469727,107600,18.170000076293945,17.90999984741211,17.60172462463379
10-12-2013,17.600000381469727,17.84000015258789,140800,17.90999984741211,17.649999618530273,17.3461971282959
11-12-2013,17.239999771118164,17.709999084472656,145900,17.709999084472656,17.420000076293945,17.120153427124023
12-12-2013,17.309999465942383,17.440000534057617,105900,17.760000228881836,17.520000457763672,17.218433380126953
13-12-2013,17.18000030517578,17.540000915527344,117200,17.6200008392334,17.530000686645508,17.22826385498047
16-12-2013,17.469999313354492,17.530000686645508,115500,17.90999984741211,17.709999084472656,17.40516471862793
17-12-2013,17.3700008392334,17.760000228881836,179700,17.760000228881836,17.559999465942383,17.25774383544922
18-12-2013,17.43000030517578,17.549999237060547,162400,18.0,17.979999542236328,17.670515060424805
19-12-2013,17.959999084472656,17.959999084472656,296200,18.6299991607666,18.420000076293945,18.102941513061523
20-12-2013,18.18000030517578,18.489999771118164,451600,18.530000686645508,18.239999771118164,17.92603874206543
23-12-2013,18.200000762939453,18.270000457763672,553200,19.149999618530273,18.5,18.181564331054688
24-12-2013,18.56999969482422,18.56999969482422,142800,18.989999771118164,18.809999465942383,18.486230850219727
26-12-2013,18.43000030517578,18.899999618530273,214400,18.950000762939453,18.489999771118164,18.17173957824707
27-12-2013,18.40999984741211,18.549999237060547,141500,18.700000762939453,18.559999465942383,18.240530014038086
30-12-2013,18.610000610351562,18.610000610351562,470800,19.1299991607666,19.1200008392334,18.790895462036133
31-12-2013,19.190000534057617,19.200000762939453,229700,19.780000686645508,19.6200008392334,19.28228759765625
02-01-2014,19.280000686645508,19.6200008392334,239000,19.690000534057617,19.610000610351562,19.272462844848633
03-01-2014,19.479999542236328,19.649999618530273,115900,19.8799991607666,19.56999969482422,19.2331485748291
06-01-2014,19.299999237060547,19.649999618530273,182000,19.829999923706055,19.729999542236328,19.390390396118164
07-01-2014,19.760000228881836,19.829999923706055,295600,20.0,19.829999923706055,19.488672256469727
08-01-2014,19.649999618530273,19.84000015258789,684800,20.18000030517578,20.149999618530273,19.803165435791016
09-01-2014,20.170000076293945,20.200000762939453,290700,20.81999969482422,20.5,20.147140502929688
10-01-2014,19.969999313354492,20.459999084472656,492500,20.540000915527344,20.260000228881836,19.911273956298828
13-01-2014,19.959999084472656,20.139999389648438,238400,20.15999984741211,20.079999923706055,19.73436737060547
14-01-2014,19.780000686645508,20.229999542236328,284200,20.489999771118164,19.959999084472656,19.616439819335938
15-01-2014,19.940000534057617,19.979999542236328,212200,20.360000610351562,20.209999084472656,19.86212730407715
16-01-2014,19.790000915527344,20.079999923706055,207800,20.290000915527344,20.030000686645508,19.68522834777832
17-01-2014,19.700000762939453,20.030000686645508,231700,20.079999923706055,19.8700008392334,19.527982711791992
21-01-2014,19.860000610351562,19.899999618530273,297200,20.360000610351562,20.309999465942383,19.960411071777344
22-01-2014,20.020000457763672,20.360000610351562,333500,20.420000076293945,20.290000915527344,19.94075584411621
23-01-2014,20.690000534057617,21.010000228881836,1357600,21.6299991607666,20.780000686645508,20.422321319580078
24-01-2014,20.3799991607666,20.639999389648438,381700,20.940000534057617,20.739999771118164,20.383007049560547
27-01-2014,20.530000686645508,20.940000534057617,447400,21.260000228881836,20.84000015258789,20.481285095214844
28-01-2014,20.850000381469727,21.049999237060547,407400,21.219999313354492,21.06999969482422,20.707326889038086
29-01-2014,20.579999923706055,20.959999084472656,256200,21.100000381469727,20.84000015258789,20.481285095214844
30-01-2014,20.729999542236328,20.989999771118164,243200,21.360000610351562,21.190000534057617,20.825265884399414
31-01-2014,20.760000228881836,20.93000030517578,211900,20.989999771118164,20.8700008392334,20.510766983032227
03-02-2014,20.1299991607666,20.90999984741211,323900,20.979999542236328,20.350000381469727,19.99972152709961
04-02-2014,20.299999237060547,20.479999542236328,198600,20.959999084472656,20.65999984741211,20.304384231567383
05-02-2014,20.31999969482422,20.579999923706055,99200,20.739999771118164,20.450000762939453,20.09800148010254
06-02-2014,20.399999618530273,20.5,105500,20.700000762939453,20.649999618530273,20.2945613861084
07-02-2014,20.489999771118164,20.670000076293945,156900,21.049999237060547,20.729999542236328,20.37317657470703
10-02-2014,20.3799991607666,20.68000030517578,106800,20.8799991607666,20.670000076293945,20.314212799072266
11-02-2014,20.700000762939453,20.770000457763672,156100,20.940000534057617,20.84000015258789,20.481285095214844
12-02-2014,20.559999465942383,20.8799991607666,118700,21.1200008392334,20.739999771118164,20.383007049560547
13-02-2014,20.420000076293945,20.6200008392334,154900,21.270000457763672,21.170000076293945,20.805604934692383
14-02-2014,20.809999465942383,21.18000030517578,115100,21.31999969482422,21.25,20.88422966003418
18-02-2014,20.959999084472656,21.350000381469727,101200,21.350000381469727,21.06999969482422,20.707326889038086
19-02-2014,20.850000381469727,20.969999313354492,122900,21.3700008392334,21.139999389648438,20.776126861572266
20-02-2014,21.09000015258789,21.1299991607666,135200,21.489999771118164,21.34000015258789,20.97268295288086
21-02-2014,21.1200008392334,21.3700008392334,127600,21.40999984741211,21.270000457763672,20.903888702392578
24-02-2014,21.200000762939453,21.25,214900,21.68000030517578,21.229999542236328,20.86457633972168
25-02-2014,21.030000686645508,21.170000076293945,142000,21.34000015258789,21.270000457763672,20.903888702392578
26-02-2014,21.25,21.329999923706055,130200,21.950000762939453,21.829999923706055,21.45424461364746
27-02-2014,21.65999984741211,21.780000686645508,184000,22.6200008392334,22.56999969482422,22.18151092529297
28-02-2014,22.049999237060547,22.579999923706055,281800,22.8799991607666,22.139999389648438,21.758909225463867
03-03-2014,21.59000015258789,22.040000915527344,404800,22.200000762939453,21.940000534057617,21.56235694885254
04-03-2014,21.969999313354492,22.15999984741211,271100,22.399999618530273,22.270000457763672,21.88667869567871
05-03-2014,21.959999084472656,22.25,206600,22.25,22.079999923706055,21.699941635131836
06-03-2014,22.0,22.100000381469727,306800,22.43000030517578,22.15999984741211,21.778568267822266
07-03-2014,22.010000228881836,22.200000762939453,245200,22.489999771118164,22.09000015258789,21.709774017333984
10-03-2014,21.639999389648438,22.010000228881836,238900,22.079999923706055,21.799999237060547,21.424760818481445
11-03-2014,21.59000015258789,21.850000381469727,288000,21.969999313354492,21.780000686645508,21.405109405517578
12-03-2014,21.540000915527344,21.719999313354492,275500,21.920000076293945,21.6299991607666,21.257688522338867
13-03-2014,21.149999618530273,21.700000762939453,163200,21.700000762939453,21.329999923706055,20.962852478027344
14-03-2014,21.170000076293945,21.34000015258789,137100,21.65999984741211,21.530000686645508,21.159412384033203
17-03-2014,21.549999237060547,21.549999237060547,98700,21.84000015258789,21.799999237060547,21.424760818481445
18-03-2014,21.479999542236328,21.790000915527344,172200,21.790000915527344,21.649999618530273,21.277341842651367
19-03-2014,21.440000534057617,21.649999618530273,132200,21.719999313354492,21.56999969482422,21.19872283935547
20-03-2014,21.34000015258789,21.520000457763672,184900,21.649999618530273,21.6299991607666,21.257688522338867
21-03-2014,21.559999465942383,21.75,299700,22.1200008392334,22.100000381469727,21.719600677490234
24-03-2014,21.600000381469727,22.15999984741211,97200,22.200000762939453,21.729999542236328,21.355966567993164
25-03-2014,21.610000610351562,21.799999237060547,196300,21.979999542236328,21.809999465942383,21.43459129333496
26-03-2014,21.700000762939453,21.969999313354492,200500,22.1299991607666,21.75,21.375627517700195
27-03-2014,21.200000762939453,21.809999465942383,210900,21.809999465942383,21.25,20.88422966003418
28-03-2014,21.260000228881836,21.260000228881836,195100,21.93000030517578,21.780000686645508,21.405109405517578
31-03-2014,21.84000015258789,21.84000015258789,440600,22.34000015258789,22.219999313354492,21.83753204345703
01-04-2014,21.450000762939453,22.209999084472656,306500,22.34000015258789,21.81999969482422,21.444419860839844
02-04-2014,21.670000076293945,21.899999618530273,201400,21.969999313354492,21.709999084472656,21.33631134033203
03-04-2014,21.420000076293945,21.68000030517578,198100,21.920000076293945,21.829999923706055,21.45424461364746
04-04-2014,21.270000457763672,21.969999313354492,169400,22.09000015258789,21.309999465942383,20.94319725036621
07-04-2014,20.790000915527344,21.200000762939453,170900,21.200000762939453,21.049999237060547,20.687671661376953
08-04-2014,20.6200008392334,20.969999313354492,212600,21.049999237060547,20.68000030517578,20.32404136657715
09-04-2014,20.59000015258789,20.780000686645508,84600,20.940000534057617,20.75,20.392841339111328
10-04-2014,20.100000381469727,20.760000228881836,176200,20.790000915527344,20.270000457763672,19.92110252380371
11-04-2014,19.510000228881836,20.020000457763672,254600,20.149999618530273,19.700000762939453,19.36090850830078
14-04-2014,19.559999465942383,19.760000228881836,160000,19.90999984741211,19.81999969482422,19.478845596313477
15-04-2014,19.399999618530273,19.860000610351562,186600,20.09000015258789,20.06999969482422,19.72454071044922
16-04-2014,19.790000915527344,20.110000610351562,132500,20.25,20.149999618530273,19.803165435791016
17-04-2014,20.079999923706055,20.139999389648438,128500,20.450000762939453,20.389999389648438,20.039030075073242
21-04-2014,20.1200008392334,20.399999618530273,163700,20.40999984741211,20.34000015258789,19.989896774291992
22-04-2014,20.219999313354492,20.270000457763672,138600,20.6200008392334,20.510000228881836,20.156967163085938
23-04-2014,18.889999389648438,19.139999389648438,1204200,19.989999771118164,19.25,18.91865348815918
24-04-2014,18.459999084472656,19.219999313354492,610300,19.290000915527344,18.700000762939453,18.37812614440918
25-04-2014,18.15999984741211,18.31999969482422,471600,18.6299991607666,18.309999465942383,17.994834899902344
28-04-2014,17.530000686645508,18.239999771118164,602800,18.350000381469727,17.600000381469727,17.297060012817383
29-04-2014,16.920000076293945,17.600000381469727,523100,17.770000457763672,17.040000915527344,16.74669647216797
30-04-2014,16.729999542236328,17.0,558200,17.610000610351562,17.600000381469727,17.297060012817383
01-05-2014,17.110000610351562,17.59000015258789,349400,17.65999984741211,17.399999618530273,17.10049819946289
02-05-2014,17.469999313354492,17.5,250400,17.920000076293945,17.709999084472656,17.40516471862793
05-05-2014,17.06999969482422,17.540000915527344,240700,17.639999389648438,17.209999084472656,16.913772583007812
06-05-2014,17.030000686645508,17.190000534057617,290600,17.299999237060547,17.079999923706055,16.786008834838867
07-05-2014,16.989999771118164,17.040000915527344,281000,17.200000762939453,17.170000076293945,16.874460220336914
08-05-2014,17.110000610351562,17.149999618530273,248000,17.469999313354492,17.200000762939453,16.903947830200195
09-05-2014,17.1200008392334,17.139999389648438,149900,17.350000381469727,17.31999969482422,17.02187728881836
12-05-2014,17.239999771118164,17.3799991607666,206000,17.600000381469727,17.520000457763672,17.218433380126953
13-05-2014,17.18000030517578,17.40999984741211,271700,17.520000457763672,17.34000015258789,17.041532516479492
14-05-2014,16.75,17.34000015258789,181600,17.350000381469727,16.760000228881836,16.471515655517578
15-05-2014,16.440000534057617,16.700000762939453,224900,16.760000228881836,16.709999084472656,16.422374725341797
16-05-2014,16.5,16.670000076293945,218400,16.770000457763672,16.75,16.461687088012695
19-05-2014,16.639999389648438,16.65999984741211,106900,16.850000381469727,16.84000015258789,16.550140380859375
20-05-2014,16.549999237060547,16.780000686645508,226300,16.920000076293945,16.6200008392334,16.333927154541016
21-05-2014,16.399999618530273,16.739999771118164,145500,16.81999969482422,16.43000030517578,16.147193908691406
22-05-2014,16.450000762939453,16.56999969482422,145000,16.860000610351562,16.809999465942383,16.520654678344727
23-05-2014,16.799999237060547,16.799999237060547,90500,17.100000381469727,17.06999969482422,16.77617835998535
27-05-2014,17.020000457763672,17.149999618530273,81700,17.280000686645508,17.15999984741211,16.86463165283203
28-05-2014,16.8700008392334,17.1299991607666,102000,17.1299991607666,16.90999984741211,16.61893081665039
29-05-2014,16.760000228881836,16.8700008392334,133800,17.139999389648438,17.06999969482422,16.77617835998535
30-05-2014,17.0,17.100000381469727,208400,17.25,17.010000228881836,16.717214584350586
02-06-2014,17.0,17.079999923706055,186000,17.5,17.290000915527344,16.992395401000977
03-06-2014,17.0,17.190000534057617,126600,17.209999084472656,17.09000015258789,16.795833587646484
04-06-2014,17.06999969482422,17.1299991607666,316100,18.81999969482422,17.399999618530273,17.10049819946289
05-06-2014,17.280000686645508,17.40999984741211,130000,17.8700008392334,17.809999465942383,17.503446578979492
06-06-2014,17.899999618530273,17.950000762939453,97000,18.18000030517578,18.100000381469727,17.788448333740234
09-06-2014,18.040000915527344,18.110000610351562,82200,18.40999984741211,18.34000015258789,18.024320602416992
10-06-2014,18.15999984741211,18.360000610351562,74200,18.389999389648438,18.209999084472656,17.896556854248047
11-06-2014,17.940000534057617,18.18000030517578,86100,18.219999313354492,17.950000762939453,17.641035079956055
12-06-2014,17.6299991607666,17.84000015258789,113000,18.09000015258789,17.700000762939453,17.39533805847168
13-06-2014,17.6200008392334,17.799999237060547,98200,17.889999389648438,17.690000534057617,17.385509490966797
16-06-2014,17.540000915527344,17.649999618530273,127600,17.760000228881836,17.649999618530273,17.3461971282959
17-06-2014,17.729999542236328,17.739999771118164,205100,18.09000015258789,17.8799991607666,17.572233200073242
18-06-2014,17.649999618530273,17.969999313354492,204000,17.969999313354492,17.940000534057617,17.631206512451172
19-06-2014,17.75,18.06999969482422,75600,18.09000015258789,17.770000457763672,17.46413230895996
20-06-2014,17.690000534057617,17.889999389648438,166100,17.940000534057617,17.850000381469727,17.542753219604492
23-06-2014,17.75,17.950000762939453,47000,17.989999771118164,17.760000228881836,17.454303741455078
24-06-2014,17.65999984741211,17.81999969482422,109300,18.079999923706055,17.729999542236328,17.42481803894043
25-06-2014,17.600000381469727,17.600000381469727,161700,18.110000610351562,18.09000015258789,17.778621673583984
26-06-2014,17.889999389648438,18.09000015258789,108400,18.170000076293945,18.06999969482422,17.75896644592285
27-06-2014,17.899999618530273,17.950000762939453,152100,18.389999389648438,18.3700008392334,18.053804397583008
30-06-2014,18.06999969482422,18.290000915527344,254500,18.290000915527344,18.100000381469727,17.788448333740234
01-07-2014,18.209999084472656,18.219999313354492,160600,18.469999313354492,18.399999618530273,18.08328628540039
02-07-2014,18.1200008392334,18.469999313354492,120400,18.59000015258789,18.219999313354492,17.906383514404297
03-07-2014,18.239999771118164,18.360000610351562,170500,18.479999542236328,18.440000534057617,18.122600555419922
07-07-2014,18.059999465942383,18.290000915527344,203700,18.360000610351562,18.149999618530273,17.83759117126465
08-07-2014,17.600000381469727,18.06999969482422,263200,18.079999923706055,17.729999542236328,17.42481803894043
09-07-2014,17.809999465942383,17.860000610351562,187700,18.479999542236328,18.139999389648438,17.827762603759766
10-07-2014,17.670000076293945,17.780000686645508,122600,17.93000030517578,17.780000686645508,17.47395896911621
11-07-2014,17.639999389648438,17.690000534057617,106800,17.899999618530273,17.799999237060547,17.493614196777344
14-07-2014,17.709999084472656,18.010000228881836,88900,18.079999923706055,17.729999542236328,17.42481803894043
15-07-2014,17.770000457763672,17.770000457763672,99300,18.079999923706055,17.899999618530273,17.591888427734375
16-07-2014,17.770000457763672,18.059999465942383,148200,18.190000534057617,17.90999984741211,17.60172462463379
17-07-2014,17.219999313354492,17.799999237060547,221100,17.989999771118164,17.34000015258789,17.041532516479492
18-07-2014,17.25,17.290000915527344,150400,17.770000457763672,17.489999771118164,17.18895149230957
21-07-2014,17.34000015258789,17.479999542236328,56400,17.600000381469727,17.350000381469727,17.051361083984375
22-07-2014,17.350000381469727,17.43000030517578,119800,17.639999389648438,17.399999618530273,17.10049819946289
23-07-2014,17.780000686645508,17.780000686645508,313900,19.229999542236328,19.110000610351562,18.781063079833984
24-07-2014,19.1200008392334,19.1200008392334,446800,19.75,19.25,18.91865348815918
25-07-2014,19.190000534057617,19.190000534057617,153800,19.3700008392334,19.239999771118164,18.90882682800293
28-07-2014,18.670000076293945,19.170000076293945,101700,19.239999771118164,18.790000915527344,18.466571807861328
29-07-2014,18.489999771118164,18.75,181900,18.860000610351562,18.5,18.181564331054688
30-07-2014,18.399999618530273,18.700000762939453,137200,18.760000228881836,18.510000228881836,18.191394805908203
31-07-2014,18.25,18.290000915527344,183800,18.530000686645508,18.299999237060547,17.985008239746094
01-08-2014,17.93000030517578,18.260000228881836,144800,18.43000030517578,17.989999771118164,17.68034553527832
04-08-2014,17.8799991607666,18.010000228881836,153600,18.18000030517578,17.979999542236328,17.670515060424805
05-08-2014,17.799999237060547,17.93000030517578,183500,18.030000686645508,17.8700008392334,17.56241226196289
06-08-2014,17.75,17.770000457763672,131500,18.200000762939453,17.989999771118164,17.68034553527832
07-08-2014,17.920000076293945,17.989999771118164,71900,18.139999389648438,17.959999084472656,17.650856018066406
08-08-2014,17.90999984741211,17.90999984741211,90000,18.100000381469727,18.06999969482422,17.75896644592285
11-08-2014,18.0,18.06999969482422,71300,18.350000381469727,18.110000610351562,17.798276901245117
12-08-2014,17.84000015258789,18.0,73600,18.100000381469727,17.959999084472656,17.650856018066406
13-08-2014,17.760000228881836,18.040000915527344,130400,18.079999923706055,17.790000915527344,17.48378562927246
14-08-2014,17.799999237060547,17.799999237060547,262800,18.510000228881836,18.219999313354492,17.906383514404297
15-08-2014,17.969999313354492,18.389999389648438,152600,18.389999389648438,18.0,17.69017219543457
18-08-2014,17.989999771118164,18.18000030517578,154600,18.239999771118164,18.049999237060547,17.739309310913086
19-08-2014,18.06999969482422,18.06999969482422,71700,18.40999984741211,18.34000015258789,18.024320602416992
20-08-2014,17.979999542236328,18.239999771118164,94000,18.299999237060547,18.15999984741211,17.847415924072266
21-08-2014,17.969999313354492,18.110000610351562,68500,18.40999984741211,18.350000381469727,18.034147262573242
22-08-2014,18.190000534057617,18.290000915527344,97100,18.510000228881836,18.350000381469727,18.034147262573242
25-08-2014,18.280000686645508,18.420000076293945,48900,18.520000457763672,18.34000015258789,18.024320602416992
26-08-2014,18.309999465942383,18.309999465942383,62000,18.5,18.489999771118164,18.17173957824707
27-08-2014,17.5,17.549999237060547,334800,18.209999084472656,17.65999984741211,17.35602569580078
28-08-2014,17.290000915527344,17.559999465942383,140400,17.559999465942383,17.329999923706055,17.031705856323242
29-08-2014,17.260000228881836,17.34000015258789,109700,17.450000762939453,17.43000030517578,17.129985809326172
02-09-2014,17.290000915527344,17.459999084472656,84200,17.6200008392334,17.479999542236328,17.179121017456055
03-09-2014,17.219999313354492,17.530000686645508,84900,17.639999389648438,17.329999923706055,17.031705856323242
04-09-2014,17.0,17.350000381469727,101600,17.549999237060547,17.1299991607666,16.835145950317383
05-09-2014,16.940000534057617,17.040000915527344,74000,17.139999389648438,17.020000457763672,16.72704315185547
08-09-2014,16.809999465942383,16.959999084472656,103500,17.049999237060547,17.030000686645508,16.736867904663086
09-09-2014,16.950000762939453,17.3700008392334,92400,17.510000228881836,17.040000915527344,16.74669647216797
10-09-2014,17.010000228881836,17.010000228881836,75100,17.149999618530273,17.110000610351562,16.815494537353516
11-09-2014,17.049999237060547,17.049999237060547,115400,17.860000610351562,17.729999542236328,17.42481803894043
12-09-2014,17.520000457763672,17.790000915527344,86600,18.0,17.68000030517578,17.375680923461914
15-09-2014,17.520000457763672,17.649999618530273,123500,17.959999084472656,17.770000457763672,17.46413230895996
16-09-2014,17.3700008392334,17.729999542236328,113000,17.75,17.549999237060547,17.24791717529297
17-09-2014,17.3799991607666,17.549999237060547,99900,17.770000457763672,17.489999771118164,17.18895149230957
18-09-2014,17.510000228881836,17.540000915527344,72400,17.700000762939453,17.540000915527344,17.23809242248535
19-09-2014,17.18000030517578,17.559999465942383,153100,17.6299991607666,17.3700008392334,17.07101821899414
22-09-2014,16.850000381469727,17.299999237060547,278900,17.43000030517578,16.889999389648438,16.599281311035156
23-09-2014,16.770000457763672,16.780000686645508,88100,17.190000534057617,16.93000030517578,16.638586044311523
24-09-2014,16.739999771118164,16.899999618530273,89400,16.969999313354492,16.790000915527344,16.500999450683594
25-09-2014,16.270000457763672,16.739999771118164,137400,16.850000381469727,16.40999984741211,16.127538681030273
26-09-2014,16.040000915527344,16.34000015258789,106100,16.440000534057617,16.260000228881836,15.980119705200195
29-09-2014,15.989999771118164,16.1299991607666,215500,16.65999984741211,16.559999465942383,16.274959564208984
30-09-2014,16.65999984741211,16.799999237060547,249500,17.040000915527344,16.829999923706055,16.540311813354492
01-10-2014,16.420000076293945,16.760000228881836,137200,16.860000610351562,16.510000228881836,16.225820541381836
02-10-2014,16.1200008392334,16.459999084472656,125500,16.670000076293945,16.260000228881836,15.980119705200195
03-10-2014,16.3700008392334,16.450000762939453,77000,16.639999389648438,16.440000534057617,16.157024383544922
06-10-2014,16.389999389648438,16.479999542236328,91600,16.600000381469727,16.450000762939453,16.166854858398438
07-10-2014,16.170000076293945,16.420000076293945,95700,16.510000228881836,16.18000030517578,15.901500701904297
08-10-2014,15.789999961853027,16.149999618530273,234200,16.520000457763672,16.510000228881836,16.225820541381836
09-10-2014,15.970000267028809,16.469999313354492,98600,16.56999969482422,16.020000457763672,15.74425220489502
10-10-2014,15.890000343322754,15.890000343322754,84400,16.329999923706055,15.989999771118164,15.71476936340332
13-10-2014,15.949999809265137,16.030000686645508,99500,16.3799991607666,16.200000762939453,15.921157836914062
14-10-2014,16.15999984741211,16.31999969482422,226200,16.540000915527344,16.350000381469727,16.068574905395508
15-10-2014,15.649999618530273,16.229999542236328,163000,16.31999969482422,16.1299991607666,15.8523588180542
16-10-2014,15.829999923706055,15.880000114440918,156000,16.68000030517578,16.399999618530273,16.117712020874023
17-10-2014,16.350000381469727,16.639999389648438,94300,16.65999984741211,16.43000030517578,16.147193908691406
20-10-2014,16.350000381469727,16.389999389648438,50400,16.6299991607666,16.549999237060547,16.26512908935547
21-10-2014,16.59000015258789,16.649999618530273,100800,16.81999969482422,16.780000686645508,16.491174697875977
22-10-2014,15.619999885559082,16.010000228881836,336500,16.440000534057617,15.649999618530273,15.380622863769531
23-10-2014,14.8100004196167,15.579999923706055,291700,15.680000305175781,14.899999618530273,14.643531799316406
24-10-2014,14.5600004196167,14.880000114440918,256900,15.100000381469727,15.039999961853027,14.781120300292969
27-10-2014,14.789999961853027,14.989999771118164,169000,15.34000015258789,15.289999961853027,15.026819229125977
28-10-2014,15.270000457763672,15.270000457763672,133000,15.789999961853027,15.670000076293945,15.400276184082031
29-10-2014,15.399999618530273,15.529999732971191,194800,15.829999923706055,15.789999961853027,15.51821231842041
30-10-2014,15.640000343322754,15.649999618530273,170800,15.930000305175781,15.75,15.478899002075195
31-10-2014,15.670000076293945,16.0,222300,16.0,15.720000267028809,15.449417114257812
03-11-2014,15.720000267028809,15.779999732971191,146400,15.989999771118164,15.949999809265137,15.675458908081055
04-11-2014,15.279999732971191,15.869999885559082,115500,15.989999771118164,15.3100004196167,15.046473503112793
05-11-2014,15.140000343322754,15.380000114440918,116700,15.5,15.369999885559082,15.105441093444824
06-11-2014,15.270000457763672,15.369999885559082,106500,15.569999694824219,15.539999961853027,15.272516250610352
07-11-2014,15.300000190734863,15.489999771118164,112000,15.649999618530273,15.649999618530273,15.380622863769531
10-11-2014,15.520000457763672,15.640000343322754,305000,16.079999923706055,16.0,15.72459888458252
11-11-2014,15.6899995803833,16.0,128600,16.149999618530273,15.789999961853027,15.51821231842041
12-11-2014,15.600000381469727,15.699999809265137,115100,16.09000015258789,16.059999465942383,15.783564567565918
13-11-2014,15.539999961853027,16.020000457763672,120800,16.1200008392334,15.8100004196167,15.53786849975586
14-11-2014,15.65999984741211,15.770000457763672,94800,15.899999618530273,15.720000267028809,15.449417114257812
17-11-2014,15.350000381469727,15.670000076293945,88000,15.75,15.380000114440918,15.115269660949707
18-11-2014,15.220000267028809,15.420000076293945,176900,15.550000190734863,15.369999885559082,15.105441093444824
19-11-2014,15.050000190734863,15.369999885559082,91100,15.40999984741211,15.229999542236328,14.967849731445312
20-11-2014,15.109999656677246,15.109999656677246,121100,15.470000267028809,15.390000343322754,15.12509822845459
21-11-2014,15.3100004196167,15.609999656677246,62000,15.739999771118164,15.350000381469727,15.085786819458008
24-11-2014,15.359999656677246,15.420000076293945,156300,15.649999618530273,15.470000267028809,15.203718185424805
25-11-2014,15.380000114440918,15.460000038146973,116000,15.600000381469727,15.399999618530273,15.134923934936523
26-11-2014,15.210000038146973,15.430000305175781,138500,15.579999923706055,15.479999542236328,15.213546752929688
28-11-2014,15.229999542236328,15.420000076293945,87000,15.479999542236328,15.239999771118164,14.977679252624512
01-12-2014,14.630000114440918,15.140000343322754,220200,15.1899995803833,14.770000457763672,14.515769004821777
02-12-2014,14.680000305175781,14.859999656677246,98600,15.170000076293945,14.779999732971191,14.52559757232666
03-12-2014,14.720000267028809,14.739999771118164,107100,15.170000076293945,15.079999923706055,14.82043170928955
04-12-2014,14.880000114440918,15.079999923706055,89800,15.100000381469727,14.970000267028809,14.712327003479004
05-12-2014,14.930000305175781,14.9399995803833,70300,15.460000038146973,15.1899995803833,14.928540229797363
08-12-2014,14.869999885559082,15.180000305175781,64200,15.3100004196167,14.930000305175781,14.673015594482422
09-12-2014,14.789999961853027,14.8100004196167,90700,15.420000076293945,15.390000343322754,15.12509822845459
10-12-2014,14.770000457763672,15.279999732971191,135400,15.430000305175781,14.829999923706055,14.574735641479492
11-12-2014,14.9399995803833,14.9399995803833,58800,15.220000267028809,15.0,14.74181079864502
12-12-2014,14.609999656677246,14.850000381469727,80900,15.029999732971191,14.640000343322754,14.388008117675781
15-12-2014,14.40999984741211,14.75,124200,14.890000343322754,14.420000076293945,14.171791076660156
16-12-2014,14.470000267028809,14.609999656677246,200000,15.239999771118164,14.920000076293945,14.663186073303223
17-12-2014,14.869999885559082,14.989999771118164,145900,15.140000343322754,15.100000381469727,14.840087890625
18-12-2014,15.050000190734863,15.149999618530273,168200,15.40999984741211,15.300000190734863,15.03664779663086
19-12-2014,15.220000267028809,15.289999961853027,191500,15.670000076293945,15.630000114440918,15.360966682434082
22-12-2014,15.300000190734863,15.579999923706055,100800,15.699999809265137,15.619999885559082,15.351139068603516
23-12-2014,15.5,15.649999618530273,50200,15.680000305175781,15.59000015258789,15.3216552734375
24-12-2014,15.529999732971191,15.59000015258789,48000,15.609999656677246,15.609999656677246,15.341309547424316
26-12-2014,15.569999694824219,15.600000381469727,50400,15.739999771118164,15.609999656677246,15.341309547424316
29-12-2014,15.5600004196167,15.65999984741211,55600,15.8100004196167,15.609999656677246,15.341309547424316
30-12-2014,15.430000305175781,15.550000190734863,144300,15.670000076293945,15.449999809265137,15.184062957763672
31-12-2014,15.489999771118164,15.489999771118164,79900,15.819999694824219,15.729999542236328,15.459243774414062
02-01-2015,15.420000076293945,15.779999732971191,68600,15.84000015258789,15.550000190734863,15.282342910766602
05-01-2015,14.90999984741211,15.40999984741211,108500,15.40999984741211,15.09000015258789,14.83026123046875
06-01-2015,15.470000267028809,15.470000267028809,285800,16.3799991607666,16.290000915527344,16.009607315063477
07-01-2015,15.649999618530273,16.5,126200,16.5,16.0,15.72459888458252
08-01-2015,16.110000610351562,16.1200008392334,179800,16.469999313354492,16.459999084472656,16.176677703857422
09-01-2015,16.149999618530273,16.469999313354492,129800,16.469999313354492,16.3799991607666,16.09805679321289
12-01-2015,16.079999923706055,16.329999923706055,134500,16.540000915527344,16.5,16.215991973876953
13-01-2015,16.020000457763672,16.59000015258789,126700,16.739999771118164,16.219999313354492,15.940808296203613
14-01-2015,15.90999984741211,16.100000381469727,88600,16.200000762939453,16.170000076293945,15.891671180725098
15-01-2015,15.75,16.1200008392334,133000,16.15999984741211,15.979999542236328,15.70494270324707
16-01-2015,15.899999618530273,15.899999618530273,110800,16.309999465942383,16.25,15.970292091369629
20-01-2015,15.869999885559082,16.190000534057617,137400,16.399999618530273,16.149999618530273,15.872013092041016
21-01-2015,16.079999923706055,16.110000610351562,163200,16.479999542236328,16.450000762939453,16.166854858398438
22-01-2015,15.149999618530273,16.049999237060547,340600,16.18000030517578,15.479999542236328,15.213546752929688
23-01-2015,14.869999885559082,15.449999809265137,165200,15.600000381469727,15.010000228881836,14.751636505126953
26-01-2015,14.699999809265137,15.010000228881836,113800,15.1899995803833,14.800000190734863,14.545252799987793
27-01-2015,14.619999885559082,14.739999771118164,129800,14.970000267028809,14.800000190734863,14.545252799987793
28-01-2015,14.229999542236328,14.880000114440918,141500,14.9399995803833,14.399999618530273,14.152137756347656
29-01-2015,14.300000190734863,14.449999809265137,201200,14.619999885559082,14.600000381469727,14.3486967086792
30-01-2015,14.15999984741211,14.470000267028809,194500,14.579999923706055,14.210000038146973,13.965408325195312
02-02-2015,14.119999885559082,14.279999732971191,143500,14.619999885559082,14.539999961853027,14.289729118347168
03-02-2015,14.649999618530273,14.649999618530273,83800,14.960000038146973,14.75,14.496111869812012
04-02-2015,14.380000114440918,14.670000076293945,74400,14.890000343322754,14.470000267028809,14.220932960510254
05-02-2015,14.550000190734863,14.550000190734863,84000,14.960000038146973,14.949999809265137,14.692669868469238
06-02-2015,14.710000038146973,14.90999984741211,108900,15.100000381469727,14.850000381469727,14.594390869140625
09-02-2015,14.680000305175781,14.75,170400,15.199999809265137,15.100000381469727,14.840087890625
10-02-2015,14.770000457763672,15.25,73800,15.25,14.920000076293945,14.663186073303223
11-02-2015,14.520000457763672,14.84000015258789,61800,14.899999618530273,14.739999771118164,14.486286163330078
12-02-2015,14.779999732971191,14.859999656677246,85000,15.100000381469727,14.899999618530273,14.643531799316406
13-02-2015,14.760000228881836,14.9399995803833,61800,15.029999732971191,14.850000381469727,14.594390869140625
17-02-2015,14.649999618530273,14.75,106400,14.850000381469727,14.739999771118164,14.486286163330078
18-02-2015,14.640000343322754,14.75,58400,14.9399995803833,14.699999809265137,14.446972846984863
19-02-2015,14.510000228881836,14.680000305175781,57000,14.899999618530273,14.770000457763672,14.515769004821777
20-02-2015,14.510000228881836,14.800000190734863,59700,14.800000190734863,14.619999885559082,14.368350982666016
23-02-2015,14.479999542236328,14.619999885559082,124900,14.699999809265137,14.579999923706055,14.329038619995117
24-02-2015,14.579999923706055,14.579999923706055,78200,14.819999694824219,14.779999732971191,14.52559757232666
25-02-2015,14.59000015258789,14.770000457763672,64900,14.829999923706055,14.649999618530273,14.397833824157715
26-02-2015,14.65999984741211,14.6899995803833,67200,14.899999618530273,14.859999656677246,14.604220390319824
27-02-2015,14.75,14.760000228881836,83200,14.899999618530273,14.789999961853027,14.535425186157227
02-03-2015,14.5600004196167,14.819999694824219,71700,14.869999885559082,14.760000228881836,14.505940437316895
03-03-2015,14.550000190734863,14.670000076293945,75700,14.710000038146973,14.609999656677246,14.358522415161133
04-03-2015,14.520000457763672,14.520000457763672,56900,14.75,14.739999771118164,14.486286163330078
05-03-2015,14.569999694824219,14.770000457763672,44100,14.800000190734863,14.760000228881836,14.505940437316895
06-03-2015,14.670000076293945,14.670000076293945,70900,15.050000190734863,14.84000015258789,14.584564208984375
09-03-2015,14.609999656677246,14.819999694824219,49800,14.90999984741211,14.680000305175781,14.427318572998047
10-03-2015,14.5,14.59000015258789,50700,14.670000076293945,14.520000457763672,14.270071983337402
11-03-2015,14.4399995803833,14.59000015258789,94900,14.670000076293945,14.630000114440918,14.378178596496582
12-03-2015,14.65999984741211,14.680000305175781,84700,14.989999771118164,14.869999885559082,14.614048957824707
13-03-2015,14.489999771118164,14.880000114440918,51400,14.880000114440918,14.699999809265137,14.446972846984863
16-03-2015,14.380000114440918,14.729999542236328,112900,14.8100004196167,14.4399995803833,14.191448211669922
17-03-2015,14.199999809265137,14.3100004196167,131400,14.550000190734863,14.489999771118164,14.240588188171387
18-03-2015,14.380000114440918,14.40999984741211,86700,14.550000190734863,14.449999809265137,14.201277732849121
19-03-2015,14.350000381469727,14.40999984741211,53400,14.479999542236328,14.4399995803833,14.191448211669922
20-03-2015,14.5,14.539999961853027,109800,14.739999771118164,14.550000190734863,14.299556732177734
23-03-2015,14.460000038146973,14.529999732971191,64800,14.720000267028809,14.579999923706055,14.329038619995117
24-03-2015,14.359999656677246,14.479999542236328,76500,14.569999694824219,14.430000305175781,14.181621551513672
25-03-2015,14.0600004196167,14.369999885559082,163200,14.479999542236328,14.15999984741211,13.916269302368164
26-03-2015,14.010000228881836,14.119999885559082,117500,14.239999771118164,14.100000381469727,13.85730266571045
27-03-2015,13.949999809265137,14.069999694824219,112500,14.199999809265137,14.199999809265137,13.955578804016113
30-03-2015,14.149999618530273,14.220000267028809,107900,14.5600004196167,14.550000190734863,14.299556732177734
31-03-2015,14.279999732971191,14.460000038146973,104500,14.569999694824219,14.510000228881836,14.260244369506836
01-04-2015,14.3100004196167,14.449999809265137,100600,14.640000343322754,14.609999656677246,14.358522415161133
02-04-2015,14.4399995803833,14.5600004196167,87400,14.800000190734863,14.770000457763672,14.515769004821777
06-04-2015,14.670000076293945,14.680000305175781,89200,14.869999885559082,14.829999923706055,14.574735641479492
07-04-2015,14.8100004196167,14.819999694824219,85400,14.979999542236328,14.850000381469727,14.594390869140625
08-04-2015,14.699999809265137,14.890000343322754,113500,14.979999542236328,14.8100004196167,14.555082321166992
09-04-2015,14.729999542236328,14.739999771118164,114800,14.949999809265137,14.800000190734863,14.545252799987793
10-04-2015,14.760000228881836,14.880000114440918,62600,14.90999984741211,14.800000190734863,14.545252799987793
13-04-2015,14.729999542236328,14.729999542236328,47700,14.949999809265137,14.869999885559082,14.614048957824707
14-04-2015,14.770000457763672,14.890000343322754,66900,15.09000015258789,14.869999885559082,14.614048957824707
15-04-2015,14.800000190734863,14.859999656677246,66500,15.050000190734863,15.039999961853027,14.781120300292969
16-04-2015,14.920000076293945,15.069999694824219,40900,15.149999618530273,15.109999656677246,14.8499174118042
17-04-2015,14.729999542236328,15.0,60100,15.220000267028809,14.850000381469727,14.594390869140625
20-04-2015,14.850000381469727,14.850000381469727,56500,15.15999984741211,15.029999732971191,14.771295547485352
21-04-2015,14.800000190734863,15.050000190734863,87300,15.0600004196167,14.859999656677246,14.604220390319824
22-04-2015,14.720000267028809,14.880000114440918,91300,14.979999542236328,14.890000343322754,14.633703231811523
23-04-2015,14.789999961853027,14.800000190734863,41600,15.0,14.949999809265137,14.692669868469238
24-04-2015,14.859999656677246,14.979999542236328,76500,15.0600004196167,15.020000457763672,14.761465072631836
27-04-2015,14.829999923706055,15.0600004196167,102400,15.270000457763672,15.100000381469727,14.840087890625
28-04-2015,16.020000457763672,16.8700008392334,495600,17.059999465942383,16.690000534057617,16.402721405029297
29-04-2015,16.6200008392334,16.6200008392334,329000,17.389999389648438,17.100000381469727,16.8056640625
30-04-2015,17.049999237060547,17.1299991607666,243600,17.450000762939453,17.18000030517578,16.884286880493164
01-05-2015,17.049999237060547,17.25,153300,17.399999618530273,17.15999984741211,16.86463165283203
04-05-2015,17.209999084472656,17.260000228881836,180300,17.510000228881836,17.469999313354492,17.169294357299805
05-05-2015,17.290000915527344,17.479999542236328,179700,17.5,17.399999618530273,17.10049819946289
06-05-2015,17.260000228881836,17.40999984741211,145700,17.489999771118164,17.329999923706055,17.031705856323242
07-05-2015,17.110000610351562,17.239999771118164,107600,17.309999465942383,17.149999618530273,16.85480308532715
08-05-2015,17.06999969482422,17.299999237060547,740000,17.420000076293945,17.329999923706055,17.031705856323242
11-05-2015,17.280000686645508,17.360000610351562,236600,17.719999313354492,17.649999618530273,17.3461971282959
12-05-2015,17.3799991607666,17.670000076293945,178500,17.81999969482422,17.690000534057617,17.385509490966797
13-05-2015,17.559999465942383,17.690000534057617,297000,18.079999923706055,17.989999771118164,17.68034553527832
14-05-2015,17.790000915527344,18.209999084472656,267200,18.219999313354492,17.979999542236328,17.670515060424805
15-05-2015,17.799999237060547,18.010000228881836,210400,18.030000686645508,17.899999618530273,17.591888427734375
18-05-2015,17.860000610351562,17.860000610351562,226000,18.31999969482422,18.219999313354492,17.906383514404297
19-05-2015,18.1299991607666,18.290000915527344,211800,18.34000015258789,18.280000686645508,17.96535301208496
20-05-2015,18.1299991607666,18.309999465942383,326900,18.540000915527344,18.43000030517578,18.112773895263672
21-05-2015,18.360000610351562,18.3700008392334,282100,18.700000762939453,18.530000686645508,18.211048126220703
22-05-2015,18.360000610351562,18.489999771118164,175700,18.59000015258789,18.510000228881836,18.191394805908203
26-05-2015,18.0,18.399999618530273,160200,18.399999618530273,18.270000457763672,17.955522537231445
27-05-2015,18.209999084472656,18.360000610351562,272900,18.84000015258789,18.799999237060547,18.476398468017578
28-05-2015,18.549999237060547,18.799999237060547,77300,18.81999969482422,18.780000686645508,18.456750869750977
29-05-2015,18.520000457763672,18.729999542236328,145200,18.850000381469727,18.739999771118164,18.41743278503418
01-06-2015,18.15999984741211,18.760000228881836,133600,18.760000228881836,18.34000015258789,18.024320602416992
02-06-2015,18.299999237060547,18.309999465942383,178900,18.760000228881836,18.549999237060547,18.230703353881836
03-06-2015,18.6200008392334,18.6200008392334,234600,18.950000762939453,18.809999465942383,18.486230850219727
04-06-2015,18.5,18.68000030517578,109800,18.799999237060547,18.709999084472656,18.387948989868164
05-06-2015,18.700000762939453,18.729999542236328,104900,18.93000030517578,18.899999618530273,18.574678421020508
08-06-2015,18.75,18.790000915527344,54600,18.989999771118164,18.829999923706055,18.50588607788086
09-06-2015,18.780000686645508,18.889999389648438,96000,19.139999389648438,18.860000610351562,18.535367965698242
10-06-2015,18.93000030517578,18.950000762939453,92900,19.18000030517578,19.030000686645508,18.702442169189453
11-06-2015,18.889999389648438,19.020000457763672,88200,19.079999923706055,18.93000030517578,18.604162216186523
12-06-2015,18.780000686645508,18.829999923706055,93000,18.969999313354492,18.860000610351562,18.535367965698242
15-06-2015,18.700000762939453,18.739999771118164,110100,18.93000030517578,18.860000610351562,18.535367965698242
16-06-2015,18.729999542236328,18.809999465942383,88700,18.8700008392334,18.81999969482422,18.496057510375977
17-06-2015,18.520000457763672,18.760000228881836,65500,18.969999313354492,18.6299991607666,18.309328079223633
18-06-2015,18.540000915527344,18.799999237060547,131900,18.920000076293945,18.760000228881836,18.437088012695312
19-06-2015,18.75,18.829999923706055,149300,18.93000030517578,18.780000686645508,18.456750869750977
22-06-2015,18.799999237060547,18.920000076293945,101400,19.139999389648438,19.110000610351562,18.781063079833984
23-06-2015,19.030000686645508,19.149999618530273,426800,19.389999389648438,19.3700008392334,19.036590576171875
24-06-2015,19.34000015258789,19.40999984741211,197500,19.75,19.440000534057617,19.105390548706055
25-06-2015,18.969999313354492,19.510000228881836,253700,19.510000228881836,19.1200008392334,18.790895462036133
26-06-2015,18.959999084472656,19.1200008392334,282500,19.399999618530273,19.079999923706055,18.751583099365234
29-06-2015,18.5,18.969999313354492,162700,19.040000915527344,18.56999969482422,18.250364303588867
30-06-2015,17.850000381469727,18.31999969482422,467900,18.559999465942383,18.479999542236328,18.161907196044922
01-07-2015,18.219999313354492,18.6299991607666,221700,18.649999618530273,18.399999618530273,18.08328628540039
02-07-2015,18.049999237060547,18.489999771118164,110200,18.489999771118164,18.1200008392334,17.8081111907959
06-07-2015,17.809999465942383,17.959999084472656,100900,18.239999771118164,18.09000015258789,17.778621673583984
07-07-2015,17.770000457763672,18.030000686645508,152600,18.239999771118164,18.209999084472656,17.896556854248047
08-07-2015,17.75,18.059999465942383,227500,18.059999465942383,17.829999923706055,17.52309799194336
09-07-2015,17.920000076293945,18.079999923706055,296300,18.200000762939453,18.09000015258789,17.778621673583984
10-07-2015,18.049999237060547,18.100000381469727,66500,18.329999923706055,18.1299991607666,17.817934036254883
13-07-2015,18.149999618530273,18.299999237060547,66000,18.3700008392334,18.31999969482422,18.00466537475586
14-07-2015,18.190000534057617,18.360000610351562,109200,18.56999969482422,18.540000915527344,18.220876693725586
15-07-2015,18.450000762939453,18.59000015258789,87500,18.68000030517578,18.579999923706055,18.260190963745117
16-07-2015,18.31999969482422,18.729999542236328,131900,18.790000915527344,18.440000534057617,18.122600555419922
17-07-2015,18.219999313354492,18.479999542236328,70900,18.479999542236328,18.420000076293945,18.102941513061523
20-07-2015,18.309999465942383,18.43000030517578,76700,18.520000457763672,18.479999542236328,18.161907196044922
21-07-2015,18.170000076293945,18.489999771118164,111000,18.670000076293945,18.200000762939453,17.886730194091797
22-07-2015,18.06999969482422,18.209999084472656,113600,18.469999313354492,18.350000381469727,18.034147262573242
23-07-2015,18.190000534057617,18.350000381469727,112900,18.579999923706055,18.25,17.935871124267578
24-07-2015,18.020000457763672,18.209999084472656,166400,18.5,18.479999542236328,18.161907196044922
27-07-2015,18.229999542236328,18.420000076293945,173100,18.56999969482422,18.459999084472656,18.142255783081055
28-07-2015,19.329999923706055,19.639999389648438,513800,20.100000381469727,19.969999313354492,19.626258850097656
29-07-2015,19.8799991607666,20.0,320100,20.100000381469727,19.950000762939453,19.60660743713379
30-07-2015,19.809999465942383,20.0,191700,20.030000686645508,20.0,19.655746459960938
31-07-2015,19.850000381469727,20.0,480000,20.510000228881836,20.299999237060547,19.95058250427246
03-08-2015,20.3700008392334,20.40999984741211,173300,20.670000076293945,20.56999969482422,20.2159366607666
04-08-2015,20.510000228881836,20.670000076293945,332200,20.75,20.510000228881836,20.156967163085938
05-08-2015,20.18000030517578,20.670000076293945,279000,20.729999542236328,20.40999984741211,20.058691024780273
06-08-2015,20.139999389648438,20.5,174800,20.690000534057617,20.229999542236328,19.88178825378418
07-08-2015,19.90999984741211,20.1200008392334,135100,20.360000610351562,20.040000915527344,19.69506072998047
10-08-2015,20.079999923706055,20.209999084472656,218700,20.389999389648438,20.219999313354492,19.87196159362793
11-08-2015,19.700000762939453,20.110000610351562,170500,20.25,19.969999313354492,19.626258850097656
12-08-2015,19.329999923706055,19.8799991607666,164600,19.8799991607666,19.709999084472656,19.370737075805664
13-08-2015,19.530000686645508,19.770000457763672,151100,19.799999237060547,19.6200008392334,19.28228759765625
14-08-2015,19.65999984741211,19.65999984741211,294000,20.25,20.1299991607666,19.78350830078125
17-08-2015,20.020000457763672,20.190000534057617,239400,20.5,20.360000610351562,20.009546279907227
18-08-2015,20.18000030517578,20.440000534057617,198600,20.450000762939453,20.350000381469727,19.99972152709961
19-08-2015,20.110000610351562,20.309999465942383,174900,20.530000686645508,20.3799991607666,20.029205322265625
20-08-2015,20.020000457763672,20.31999969482422,232200,20.31999969482422,20.15999984741211,19.812992095947266
21-08-2015,19.75,19.899999618530273,227400,20.3700008392334,20.190000534057617,19.84247589111328
24-08-2015,18.18000030517578,19.690000534057617,245700,19.780000686645508,19.280000686645508,18.948139190673828
25-08-2015,19.170000076293945,19.790000915527344,229400,19.8700008392334,19.280000686645508,18.948139190673828
26-08-2015,19.280000686645508,19.709999084472656,263200,19.709999084472656,19.540000915527344,19.203664779663086
27-08-2015,19.459999084472656,19.719999313354492,142900,20.010000228881836,19.770000457763672,19.429704666137695
28-08-2015,19.610000610351562,19.719999313354492,130600,20.010000228881836,19.850000381469727,19.508331298828125
31-08-2015,19.790000915527344,19.790000915527344,306600,20.3799991607666,20.329999923706055,19.980066299438477
01-09-2015,19.469999313354492,20.079999923706055,189900,20.200000762939453,19.579999923706055,19.24297332763672
02-09-2015,19.5,19.639999389648438,236900,19.8700008392334,19.780000686645508,19.439538955688477
03-09-2015,19.579999923706055,19.81999969482422,126800,20.06999969482422,19.709999084472656,19.370737075805664
04-09-2015,19.270000457763672,19.489999771118164,106800,19.59000015258789,19.440000534057617,19.105390548706055
08-09-2015,19.510000228881836,19.65999984741211,164500,19.989999771118164,19.90999984741211,19.567298889160156
09-09-2015,19.829999923706055,20.049999237060547,104300,20.25,19.850000381469727,19.508331298828125
10-09-2015,19.799999237060547,19.860000610351562,141400,20.1200008392334,20.079999923706055,19.73436737060547
11-09-2015,19.90999984741211,20.079999923706055,118400,20.290000915527344,20.170000076293945,19.82282066345215
14-09-2015,19.979999542236328,20.219999313354492,72800,20.469999313354492,20.34000015258789,19.989896774291992
15-09-2015,20.34000015258789,20.3799991607666,140300,20.790000915527344,20.729999542236328,20.37317657470703
16-09-2015,20.540000915527344,20.75,189700,20.809999465942383,20.540000915527344,20.186452865600586
17-09-2015,20.389999389648438,20.670000076293945,140500,20.799999237060547,20.440000534057617,20.088178634643555
18-09-2015,19.84000015258789,20.1299991607666,239600,20.34000015258789,19.950000762939453,19.60660743713379
21-09-2015,20.020000457763672,20.110000610351562,171400,20.610000610351562,20.579999923706055,20.225765228271484
22-09-2015,20.290000915527344,20.399999618530273,166300,20.559999465942383,20.459999084472656,20.107826232910156
23-09-2015,20.5,20.549999237060547,117200,20.940000534057617,20.709999084472656,20.353527069091797
24-09-2015,20.420000076293945,20.579999923706055,152400,21.010000228881836,21.010000228881836,20.64836311340332
25-09-2015,20.709999084472656,21.219999313354492,168000,21.34000015258789,20.75,20.392841339111328
28-09-2015,20.09000015258789,20.68000030517578,172900,20.760000228881836,20.229999542236328,19.88178825378418
29-09-2015,19.979999542236328,20.18000030517578,243500,20.540000915527344,20.290000915527344,19.94075584411621
30-09-2015,20.1200008392334,20.520000457763672,313400,20.68000030517578,20.559999465942383,20.206106185913086
01-10-2015,20.3799991607666,20.600000381469727,182500,20.989999771118164,20.959999084472656,20.599220275878906
02-10-2015,20.139999389648438,20.670000076293945,157500,20.889999389648438,20.889999389648438,20.53042984008789
05-10-2015,20.81999969482422,20.899999618530273,207600,21.489999771118164,21.25,20.88422966003418
06-10-2015,21.049999237060547,21.270000457763672,89600,21.440000534057617,21.170000076293945,20.805604934692383
07-10-2015,21.110000610351562,21.299999237060547,265600,21.649999618530273,21.59000015258789,21.2183780670166
08-10-2015,21.309999465942383,21.6200008392334,153100,21.90999984741211,21.770000457763672,21.395278930664062
09-10-2015,21.6299991607666,21.829999923706055,171400,22.0,21.809999465942383,21.43459129333496
12-10-2015,21.540000915527344,21.850000381469727,78700,22.0,21.799999237060547,21.424760818481445
13-10-2015,21.329999923706055,21.59000015258789,154000,21.729999542236328,21.40999984741211,21.04148292541504
14-10-2015,20.56999969482422,21.440000534057617,177900,21.440000534057617,20.600000381469727,20.245420455932617
15-10-2015,20.510000228881836,20.610000610351562,106700,21.260000228881836,21.25,20.88422966003418
16-10-2015,21.0,21.260000228881836,85100,21.34000015258789,21.100000381469727,20.736814498901367
19-10-2015,21.010000228881836,21.010000228881836,101500,21.479999542236328,21.149999618530273,20.78595542907715
20-10-2015,20.959999084472656,21.170000076293945,154900,21.399999618530273,21.239999771118164,20.87440299987793
21-10-2015,20.8700008392334,21.34000015258789,164100,21.40999984741211,20.969999313354492,20.609050750732422
22-10-2015,21.079999923706055,21.100000381469727,152900,21.729999542236328,21.31999969482422,20.95302391052246
23-10-2015,21.440000534057617,21.5,118700,21.920000076293945,21.809999465942383,21.43459129333496
26-10-2015,21.360000610351562,21.790000915527344,113500,21.889999389648438,21.6299991607666,21.257688522338867
27-10-2015,22.309999465942383,22.6299991607666,629900,23.0,22.850000381469727,22.45669174194336
28-10-2015,22.670000076293945,23.06999969482422,587500,23.219999313354492,22.81999969482422,22.42720603942871
29-10-2015,22.81999969482422,23.030000686645508,321700,23.540000915527344,23.079999923706055,22.682735443115234
30-10-2015,22.030000686645508,22.719999313354492,262000,22.780000686645508,22.239999771118164,21.857194900512695
02-11-2015,22.260000228881836,22.270000457763672,241800,22.530000686645508,22.510000228881836,22.122543334960938
03-11-2015,22.190000534057617,22.420000076293945,138400,22.520000457763672,22.290000915527344,21.906328201293945
04-11-2015,22.299999237060547,22.329999923706055,213400,22.709999084472656,22.510000228881836,22.122543334960938
05-11-2015,22.479999542236328,22.520000457763672,149500,22.850000381469727,22.799999237060547,22.407550811767578
06-11-2015,22.8700008392334,22.950000762939453,729700,23.399999618530273,23.020000457763672,22.62376594543457
09-11-2015,22.739999771118164,23.09000015258789,263200,23.25,22.959999084472656,22.564796447753906
10-11-2015,22.93000030517578,22.93000030517578,222400,23.239999771118164,23.200000762939453,22.800668716430664
11-11-2015,23.18000030517578,23.309999465942383,284200,23.709999084472656,23.360000610351562,22.957910537719727
12-11-2015,23.31999969482422,23.34000015258789,344700,23.520000457763672,23.34000015258789,22.93825912475586
13-11-2015,23.09000015258789,23.31999969482422,261200,23.549999237060547,23.15999984741211,22.761354446411133
16-11-2015,22.950000762939453,23.18000030517578,259700,23.479999542236328,23.469999313354492,23.066017150878906
17-11-2015,23.40999984741211,23.540000915527344,307500,24.06999969482422,23.850000381469727,23.439477920532227
18-11-2015,23.700000762939453,23.93000030517578,245300,24.079999923706055,24.0,23.586894989013672
19-11-2015,23.610000610351562,24.0,224500,24.020000457763672,23.670000076293945,23.262575149536133
20-11-2015,23.530000686645508,23.770000457763672,178200,24.100000381469727,23.93000030517578,23.518096923828125
23-11-2015,24.0,24.0,171100,24.290000915527344,24.18000030517578,23.7637996673584
24-11-2015,24.0,24.06999969482422,223200,24.510000228881836,24.469999313354492,24.048805236816406
25-11-2015,24.389999389648438,24.489999771118164,263100,24.729999542236328,24.65999984741211,24.235536575317383
27-11-2015,24.6200008392334,24.690000534057617,98100,24.799999237060547,24.719999313354492,24.294504165649414
30-11-2015,24.510000228881836,24.75,336200,24.829999923706055,24.559999465942383,24.137256622314453
01-12-2015,24.579999923706055,24.68000030517578,244300,24.860000610351562,24.780000686645508,24.353473663330078
02-12-2015,24.469999313354492,24.809999465942383,163800,24.959999084472656,24.5,24.078289031982422
03-12-2015,24.299999237060547,24.530000686645508,266000,24.969999313354492,24.459999084472656,24.038976669311523
04-12-2015,24.5,24.5,186700,25.049999237060547,24.950000762939453,24.520549774169922
07-12-2015,24.459999084472656,24.950000762939453,239000,24.950000762939453,24.56999969482422,24.14708709716797
08-12-2015,24.329999923706055,24.399999618530273,122300,24.719999313354492,24.40999984741211,23.989835739135742
09-12-2015,24.010000228881836,24.399999618530273,150200,24.6200008392334,24.18000030517578,23.7637996673584
10-12-2015,24.100000381469727,24.239999771118164,181800,24.670000076293945,24.399999618530273,23.98001480102539
11-12-2015,23.530000686645508,24.1299991607666,173000,24.389999389648438,23.649999618530273,23.242919921875
14-12-2015,23.1299991607666,23.690000534057617,168300,23.809999465942383,23.489999771118164,23.08567237854004
15-12-2015,23.6299991607666,23.709999084472656,179200,24.1200008392334,23.940000534057617,23.527929306030273
16-12-2015,23.739999771118164,24.079999923706055,167800,24.25,24.1200008392334,23.704833984375
17-12-2015,23.90999984741211,24.219999313354492,115600,24.43000030517578,24.0,23.586894989013672
18-12-2015,23.270000457763672,23.899999618530273,285200,24.0,23.420000076293945,23.01688003540039
21-12-2015,23.260000228881836,23.56999969482422,156200,23.84000015258789,23.440000534057617,23.036535263061523
22-12-2015,23.059999465942383,23.440000534057617,203200,23.540000915527344,23.5,23.095500946044922
23-12-2015,23.459999084472656,23.6200008392334,259600,23.770000457763672,23.510000228881836,23.105331420898438
24-12-2015,23.389999389648438,23.489999771118164,138500,23.719999313354492,23.5,23.095500946044922
28-12-2015,23.09000015258789,23.489999771118164,287200,23.540000915527344,23.25,22.84980583190918
29-12-2015,23.25,23.399999618530273,237300,23.65999984741211,23.540000915527344,23.134815216064453
30-12-2015,23.25,23.530000686645508,108600,23.610000610351562,23.40999984741211,23.00705337524414
31-12-2015,23.100000381469727,23.360000610351562,139000,23.649999618530273,23.110000610351562,22.712217330932617
04-01-2016,22.280000686645508,22.68000030517578,392000,22.989999771118164,22.469999313354492,22.083229064941406
05-01-2016,22.170000076293945,22.549999237060547,262400,22.700000762939453,22.56999969482422,22.18151092529297
06-01-2016,22.239999771118164,22.280000686645508,175200,23.170000076293945,23.1299991607666,22.731870651245117
07-01-2016,22.139999389648438,22.75,252400,22.979999542236328,22.149999618530273,21.76873779296875
08-01-2016,22.049999237060547,22.170000076293945,212300,22.440000534057617,22.049999237060547,21.670459747314453
11-01-2016,21.530000686645508,22.09000015258789,301200,22.280000686645508,21.649999618530273,21.277341842651367
12-01-2016,21.350000381469727,21.799999237060547,227900,21.920000076293945,21.899999618530273,21.52304458618164
13-01-2016,20.510000228881836,21.899999618530273,296900,21.959999084472656,20.969999313354492,20.609050750732422
14-01-2016,20.899999618530273,21.0,217500,21.520000457763672,21.200000762939453,20.835094451904297
15-01-2016,20.540000915527344,20.790000915527344,245300,21.3700008392334,20.860000610351562,20.500946044921875
19-01-2016,20.239999771118164,20.979999542236328,174900,21.06999969482422,20.510000228881836,20.156967163085938
20-01-2016,19.59000015258789,20.200000762939453,266200,20.329999923706055,20.139999389648438,19.793336868286133
21-01-2016,19.549999237060547,20.1200008392334,207500,20.239999771118164,19.56999969482422,19.2331485748291
22-01-2016,19.530000686645508,19.75,202100,20.0,19.940000534057617,19.59678077697754
25-01-2016,18.969999313354492,19.68000030517578,383600,19.770000457763672,19.170000076293945,18.84003257751465
26-01-2016,17.75,18.989999771118164,642500,19.170000076293945,18.18000030517578,17.867076873779297
27-01-2016,17.25,18.010000228881836,730800,18.059999465942383,17.489999771118164,17.18895149230957
28-01-2016,17.43000030517578,17.600000381469727,478300,17.90999984741211,17.770000457763672,17.46413230895996
29-01-2016,17.709999084472656,17.780000686645508,446500,18.709999084472656,18.649999618530273,18.328983306884766
01-02-2016,18.3799991607666,18.639999389648438,246300,18.719999313354492,18.579999923706055,18.260190963745117
02-02-2016,18.25,18.3700008392334,446900,18.950000762939453,18.600000381469727,18.27984619140625
03-02-2016,18.030000686645508,18.700000762939453,273600,18.700000762939453,18.3799991607666,18.063629150390625
04-02-2016,18.25,18.3700008392334,214600,18.8700008392334,18.3700008392334,18.053804397583008
05-02-2016,17.770000457763672,18.239999771118164,170000,18.420000076293945,17.770000457763672,17.46413230895996
08-02-2016,17.399999618530273,17.530000686645508,293000,18.020000457763672,18.0,17.69017219543457
09-02-2016,17.81999969482422,18.18000030517578,268600,19.079999923706055,18.399999618530273,18.08328628540039
10-02-2016,18.389999389648438,18.450000762939453,165400,18.84000015258789,18.420000076293945,18.102941513061523
11-02-2016,17.899999618530273,18.030000686645508,290300,18.399999618530273,18.350000381469727,18.034147262573242
12-02-2016,18.450000762939453,18.649999618530273,218900,19.149999618530273,19.040000915527344,18.71227264404297
16-02-2016,19.020000457763672,19.309999465942383,139000,19.440000534057617,19.31999969482422,18.987449645996094
17-02-2016,19.139999389648438,19.420000076293945,126700,19.729999542236328,19.18000030517578,18.849864959716797
18-02-2016,18.790000915527344,19.209999084472656,124500,19.209999084472656,18.959999084472656,18.633647918701172
19-02-2016,18.899999618530273,18.90999984741211,102600,19.299999237060547,19.040000915527344,18.71227264404297
22-02-2016,19.25,19.260000228881836,142100,19.56999969482422,19.399999618530273,19.06607437133789
23-02-2016,19.15999984741211,19.31999969482422,153700,19.579999923706055,19.389999389648438,19.056245803833008
24-02-2016,18.989999771118164,19.209999084472656,164100,19.299999237060547,19.18000030517578,18.849864959716797
25-02-2016,19.020000457763672,19.6299991607666,124200,19.760000228881836,19.6200008392334,19.28228759765625
26-02-2016,19.709999084472656,19.75,160300,20.170000076293945,19.899999618530273,19.557464599609375
29-02-2016,19.190000534057617,19.829999923706055,414800,19.90999984741211,19.200000762939453,18.869516372680664
01-03-2016,19.479999542236328,19.700000762939453,452000,20.690000534057617,20.579999923706055,20.225765228271484
02-03-2016,20.079999923706055,20.540000915527344,191300,20.540000915527344,20.350000381469727,19.99972152709961
03-03-2016,20.18000030517578,20.3700008392334,152200,20.549999237060547,20.209999084472656,19.86212730407715
04-03-2016,20.100000381469727,20.309999465942383,254900,20.65999984741211,20.229999542236328,19.88178825378418
07-03-2016,20.06999969482422,20.06999969482422,158100,20.649999618530273,20.59000015258789,20.235591888427734
08-03-2016,20.09000015258789,20.389999389648438,144700,20.540000915527344,20.110000610351562,19.76385498046875
09-03-2016,19.969999313354492,20.170000076293945,109700,20.3700008392334,20.100000381469727,19.7540225982666
10-03-2016,19.770000457763672,20.139999389648438,160500,20.280000686645508,20.09000015258789,19.744197845458984
11-03-2016,20.229999542236328,20.399999618530273,177900,20.809999465942383,20.700000762939453,20.343698501586914
14-03-2016,20.350000381469727,20.600000381469727,95000,20.780000686645508,20.6299991607666,20.27490234375
15-03-2016,20.149999618530273,20.459999084472656,137300,20.600000381469727,20.219999313354492,19.87196159362793
16-03-2016,20.1299991607666,20.1299991607666,97400,20.700000762939453,20.31999969482422,19.970239639282227
17-03-2016,19.93000030517578,20.31999969482422,100900,20.68000030517578,20.610000610351562,20.2552490234375
18-03-2016,20.65999984741211,20.739999771118164,181200,21.030000686645508,20.65999984741211,20.304384231567383
21-03-2016,20.350000381469727,20.639999389648438,189700,20.860000610351562,20.81999969482422,20.461631774902344
22-03-2016,20.639999389648438,20.68000030517578,142500,20.920000076293945,20.889999389648438,20.53042984008789
23-03-2016,20.709999084472656,20.850000381469727,140800,20.90999984741211,20.790000915527344,20.432147979736328
24-03-2016,20.540000915527344,20.6299991607666,111800,20.850000381469727,20.739999771118164,20.383007049560547
28-03-2016,20.700000762939453,20.799999237060547,161000,21.190000534057617,20.979999542236328,20.618879318237305
29-03-2016,20.690000534057617,20.84000015258789,142300,21.34000015258789,21.299999237060547,20.93337059020996
30-03-2016,21.260000228881836,21.360000610351562,154200,21.639999389648438,21.600000381469727,21.228206634521484
31-03-2016,21.450000762939453,21.579999923706055,151500,21.780000686645508,21.459999084472656,21.090620040893555
01-04-2016,21.020000457763672,21.389999389648438,137700,21.469999313354492,21.219999313354492,20.85474395751953
04-04-2016,20.860000610351562,21.170000076293945,131300,21.639999389648438,21.579999923706055,21.208555221557617
05-04-2016,21.059999465942383,21.389999389648438,133000,21.530000686645508,21.079999923706055,20.7171573638916
06-04-2016,20.940000534057617,21.139999389648438,127600,21.280000686645508,21.229999542236328,20.86457633972168
07-04-2016,20.610000610351562,21.139999389648438,286600,21.15999984741211,20.68000030517578,20.32404136657715
08-04-2016,20.639999389648438,20.809999465942383,166600,21.200000762939453,21.110000610351562,20.746639251708984
11-04-2016,21.06999969482422,21.209999084472656,246000,21.450000762939453,21.219999313354492,20.85474395751953
12-04-2016,20.950000762939453,21.190000534057617,103700,21.459999084472656,21.450000762939453,21.08078956604004
13-04-2016,21.450000762939453,21.520000457763672,118300,22.110000610351562,22.100000381469727,21.719600677490234
14-04-2016,21.90999984741211,22.059999465942383,101300,22.389999389648438,22.110000610351562,21.72943115234375
15-04-2016,21.93000030517578,22.1200008392334,192000,22.360000610351562,22.219999313354492,21.83753204345703
18-04-2016,21.979999542236328,22.059999465942383,89300,22.350000381469727,22.229999542236328,21.847360610961914
19-04-2016,22.049999237060547,22.329999923706055,148200,22.5,22.329999923706055,21.945642471313477
20-04-2016,22.219999313354492,22.31999969482422,353100,23.049999237060547,23.010000228881836,22.613937377929688
21-04-2016,22.690000534057617,23.040000915527344,67200,23.200000762939453,22.75,22.358413696289062
22-04-2016,22.579999923706055,22.739999771118164,187500,23.299999237060547,23.18000030517578,22.781009674072266
25-04-2016,22.65999984741211,23.110000610351562,265200,23.170000076293945,23.100000381469727,22.702388763427734
26-04-2016,23.639999389648438,23.940000534057617,316100,24.600000381469727,23.790000915527344,23.380512237548828
27-04-2016,23.649999618530273,23.950000762939453,245900,24.34000015258789,23.959999084472656,23.547582626342773
28-04-2016,23.579999923706055,23.860000610351562,143700,24.190000534057617,23.709999084472656,23.30188751220703
29-04-2016,23.399999618530273,23.65999984741211,167000,23.860000610351562,23.670000076293945,23.262575149536133
02-05-2016,23.459999084472656,23.90999984741211,200800,24.1299991607666,24.06999969482422,23.655689239501953
03-05-2016,23.309999465942383,23.729999542236328,174100,23.920000076293945,23.520000457763672,23.115156173706055
04-05-2016,23.1299991607666,23.440000534057617,113100,23.709999084472656,23.34000015258789,22.93825912475586
05-05-2016,23.15999984741211,23.489999771118164,101800,23.59000015258789,23.18000030517578,22.781009674072266
06-05-2016,22.780000686645508,23.020000457763672,105700,23.31999969482422,23.079999923706055,22.682735443115234
09-05-2016,22.84000015258789,23.0,178700,23.170000076293945,22.969999313354492,22.57461929321289
10-05-2016,23.079999923706055,23.149999618530273,191900,23.649999618530273,23.5,23.095500946044922
11-05-2016,23.18000030517578,23.360000610351562,107000,23.670000076293945,23.219999313354492,22.820322036743164
12-05-2016,22.860000610351562,23.3799991607666,105700,23.489999771118164,23.1299991607666,22.731870651245117
13-05-2016,22.799999237060547,23.040000915527344,127800,23.450000762939453,22.889999389648438,22.496002197265625
16-05-2016,22.790000915527344,22.84000015258789,220600,23.489999771118164,23.469999313354492,23.066017150878906
17-05-2016,22.65999984741211,23.3700008392334,270100,23.520000457763672,23.0,22.604106903076172
18-05-2016,22.979999542236328,22.979999542236328,206600,23.610000610351562,23.56999969482422,23.16429328918457
19-05-2016,22.940000534057617,23.389999389648438,108500,23.65999984741211,23.239999771118164,22.83997917175293
20-05-2016,23.020000457763672,23.3700008392334,102400,23.420000076293945,23.25,22.84980583190918
23-05-2016,23.110000610351562,23.219999313354492,123500,23.510000228881836,23.329999923706055,22.928428649902344
24-05-2016,23.15999984741211,23.43000030517578,147000,23.979999542236328,23.8700008392334,23.459135055541992
25-05-2016,23.860000610351562,23.959999084472656,87700,24.1200008392334,23.969999313354492,23.557411193847656
26-05-2016,23.65999984741211,24.010000228881836,102000,24.010000228881836,23.950000762939453,23.537755966186523
27-05-2016,23.739999771118164,23.950000762939453,97300,24.149999618530273,24.1299991607666,23.714658737182617
31-05-2016,24.049999237060547,24.15999984741211,142600,24.309999465942383,24.239999771118164,23.822765350341797
01-06-2016,23.93000030517578,24.100000381469727,325700,24.989999771118164,24.469999313354492,24.048805236816406
02-06-2016,23.979999542236328,24.399999618530273,160000,24.469999313354492,24.389999389648438,23.970184326171875
03-06-2016,23.739999771118164,24.149999618530273,172700,24.440000534057617,24.350000381469727,23.930871963500977
06-06-2016,24.209999084472656,24.389999389648438,182100,24.68000030517578,24.299999237060547,23.881731033325195
07-06-2016,24.030000686645508,24.350000381469727,104500,24.3700008392334,24.059999465942383,23.645864486694336
08-06-2016,24.09000015258789,24.219999313354492,153800,24.479999542236328,24.200000762939453,23.7834529876709
09-06-2016,23.770000457763672,24.030000686645508,118800,24.1299991607666,24.079999923706055,23.66551971435547
10-06-2016,23.780000686645508,23.799999237060547,105700,24.200000762939453,24.0,23.586894989013672
13-06-2016,23.59000015258789,23.84000015258789,183000,24.219999313354492,23.65999984741211,23.252750396728516
14-06-2016,22.979999542236328,23.59000015258789,205800,23.75,23.079999923706055,22.682735443115234
15-06-2016,23.049999237060547,23.110000610351562,108900,23.68000030517578,23.190000534057617,22.79083824157715
16-06-2016,23.049999237060547,23.049999237060547,118400,23.329999923706055,23.299999237060547,22.898942947387695
17-06-2016,23.079999923706055,23.25,161000,23.5,23.1200008392334,22.7220401763916
20-06-2016,23.329999923706055,23.530000686645508,125900,23.760000228881836,23.350000381469727,22.94808578491211
21-06-2016,23.110000610351562,23.43000030517578,104100,23.559999465942383,23.389999389648438,22.987394332885742
22-06-2016,23.219999313354492,23.440000534057617,54900,23.610000610351562,23.239999771118164,22.83997917175293
23-06-2016,23.540000915527344,23.600000381469727,87200,23.850000381469727,23.690000534057617,23.2822322845459
24-06-2016,21.829999923706055,22.270000457763672,236700,23.690000534057617,22.559999465942383,22.171682357788086
27-06-2016,21.780000686645508,22.200000762939453,316100,22.200000762939453,21.989999771118164,21.611492156982422
28-06-2016,22.81999969482422,23.219999313354492,312500,23.530000686645508,23.43000030517578,23.02670669555664
29-06-2016,23.5,23.700000762939453,280700,24.25,24.18000030517578,23.7637996673584
30-06-2016,23.969999313354492,24.40999984741211,222200,24.459999084472656,24.40999984741211,23.989835739135742
01-07-2016,24.200000762939453,24.459999084472656,194700,24.690000534057617,24.530000686645508,24.107772827148438
05-07-2016,24.100000381469727,24.399999618530273,180200,24.579999923706055,24.399999618530273,23.98001480102539
06-07-2016,24.09000015258789,24.09000015258789,113600,24.610000610351562,24.610000610351562,24.186397552490234
07-07-2016,24.459999084472656,24.600000381469727,168400,24.920000076293945,24.760000228881836,24.333810806274414
08-07-2016,24.829999923706055,25.0,536400,25.149999618530273,25.030000686645508,24.59916877746582
11-07-2016,25.059999465942383,25.170000076293945,279200,25.389999389648438,25.309999465942383,24.874345779418945
12-07-2016,25.309999465942383,25.309999465942383,274800,25.790000915527344,25.639999389648438,25.198665618896484
13-07-2016,25.59000015258789,25.700000762939453,325000,25.969999313354492,25.93000030517578,25.48367691040039
14-07-2016,25.93000030517578,26.079999923706055,175500,26.280000686645508,25.940000534057617,25.493501663208008
15-07-2016,25.850000381469727,26.100000381469727,300500,26.31999969482422,26.059999465942383,25.611434936523438
18-07-2016,26.030000686645508,26.06999969482422,200400,26.360000610351562,26.209999084472656,25.75885009765625
19-07-2016,26.110000610351562,26.200000762939453,219200,26.489999771118164,26.389999389648438,25.935754776000977
20-07-2016,26.18000030517578,26.450000762939453,139500,26.450000762939453,26.219999313354492,25.7686824798584
21-07-2016,25.920000076293945,26.09000015258789,206900,26.34000015258789,26.200000762939453,25.749032974243164
22-07-2016,26.139999389648438,26.219999313354492,195700,26.68000030517578,26.649999618530273,26.1912841796875
25-07-2016,26.59000015258789,26.729999542236328,349500,26.969999313354492,26.81999969482422,26.35835838317871
26-07-2016,26.059999465942383,26.6299991607666,327300,27.0,26.469999313354492,26.014381408691406
27-07-2016,25.360000610351562,26.260000228881836,368800,26.399999618530273,26.299999237060547,25.847307205200195
28-07-2016,26.110000610351562,26.170000076293945,162100,26.5,26.389999389648438,25.935754776000977
29-07-2016,26.299999237060547,26.309999465942383,200200,26.579999923706055,26.40999984741211,25.95541763305664
01-08-2016,26.280000686645508,26.510000228881836,172600,26.59000015258789,26.3700008392334,25.916105270385742
02-08-2016,26.18000030517578,26.229999542236328,181300,26.579999923706055,26.280000686645508,25.82765007019043
03-08-2016,26.399999618530273,26.399999618530273,162700,26.770000457763672,26.530000686645508,26.073348999023438
04-08-2016,26.5,26.59000015258789,190900,26.860000610351562,26.809999465942383,26.348526000976562
05-08-2016,26.809999465942383,26.940000534057617,159000,27.31999969482422,27.309999465942383,26.839923858642578
08-08-2016,27.299999237060547,27.299999237060547,237900,27.56999969482422,27.3799991607666,26.90871810913086
09-08-2016,27.43000030517578,27.440000534057617,233300,27.739999771118164,27.729999542236328,27.2526912689209
10-08-2016,27.489999771118164,27.8700008392334,200900,27.8700008392334,27.549999237060547,27.07579231262207
11-08-2016,27.469999313354492,27.559999465942383,121100,27.719999313354492,27.56999969482422,27.09544563293457
12-08-2016,27.329999923706055,27.479999542236328,72700,27.600000381469727,27.420000076293945,26.948026657104492
15-08-2016,27.510000228881836,27.510000228881836,88700,27.75,27.68000030517578,27.20355224609375
16-08-2016,27.469999313354492,27.6299991607666,71300,27.84000015258789,27.559999465942383,27.085615158081055
17-08-2016,27.3700008392334,27.610000610351562,97700,27.729999542236328,27.549999237060547,27.07579231262207
18-08-2016,27.559999465942383,27.579999923706055,100700,27.899999618530273,27.790000915527344,27.311662673950195
19-08-2016,27.549999237060547,27.75,141900,28.0,27.860000610351562,27.38045883178711
22-08-2016,27.700000762939453,27.889999389648438,168400,27.93000030517578,27.899999618530273,27.419763565063477
23-08-2016,27.899999618530273,28.0,63400,28.09000015258789,27.959999084472656,27.47873306274414
24-08-2016,27.690000534057617,27.950000762939453,91500,27.950000762939453,27.739999771118164,27.26251792907715
25-08-2016,26.84000015258789,26.850000381469727,103200,27.889999389648438,27.860000610351562,27.38045883178711
26-08-2016,27.719999313354492,27.979999542236328,161000,28.139999389648438,27.829999923706055,27.350971221923828
29-08-2016,27.790000915527344,27.899999618530273,120100,28.149999618530273,27.809999465942383,27.331317901611328
30-08-2016,27.799999237060547,27.799999237060547,112500,28.1200008392334,27.979999542236328,27.498390197753906
31-08-2016,27.760000228881836,27.93000030517578,154400,28.139999389648438,28.079999923706055,27.59666633605957
01-09-2016,27.65999984741211,28.100000381469727,83800,28.209999084472656,27.790000915527344,27.311662673950195
02-09-2016,27.780000686645508,27.8799991607666,71400,28.030000686645508,28.0,27.51804542541504
06-09-2016,27.600000381469727,28.010000228881836,106900,28.040000915527344,27.829999923706055,27.350971221923828
07-09-2016,27.739999771118164,27.739999771118164,93900,28.09000015258789,28.079999923706055,27.59666633605957
08-09-2016,27.959999084472656,28.06999969482422,107500,28.260000228881836,28.09000015258789,27.60649871826172
09-09-2016,27.799999237060547,27.940000534057617,109900,28.15999984741211,27.809999465942383,27.331317901611328
12-09-2016,27.360000610351562,27.709999084472656,67400,27.950000762939453,27.940000534057617,27.45907974243164
13-09-2016,27.149999618530273,27.700000762939453,69400,27.700000762939453,27.290000915527344,26.820266723632812
14-09-2016,27.1200008392334,27.3700008392334,82100,27.459999084472656,27.1299991607666,26.66301918029785
15-09-2016,27.1299991607666,27.1299991607666,76000,27.670000076293945,27.6299991607666,27.1544132232666
16-09-2016,27.3799991607666,27.59000015258789,155900,27.81999969482422,27.6200008392334,27.144588470458984
19-09-2016,27.360000610351562,27.65999984741211,73300,28.010000228881836,27.489999771118164,27.016828536987305
20-09-2016,27.450000762939453,27.709999084472656,71300,27.760000228881836,27.459999084472656,26.987342834472656
21-09-2016,27.309999465942383,27.450000762939453,141600,27.700000762939453,27.479999542236328,27.006996154785156
22-09-2016,27.540000915527344,27.649999618530273,184300,28.040000915527344,28.030000686645508,27.547531127929688
23-09-2016,27.079999923706055,27.079999923706055,216000,27.899999618530273,27.719999313354492,27.24286651611328
26-09-2016,27.190000534057617,27.579999923706055,118200,27.579999923706055,27.219999313354492,26.751468658447266
27-09-2016,27.18000030517578,27.200000762939453,68800,27.65999984741211,27.540000915527344,27.065967559814453
28-09-2016,27.489999771118164,27.600000381469727,100600,27.860000610351562,27.860000610351562,27.38045883178711
29-09-2016,27.34000015258789,27.850000381469727,131900,27.8700008392334,27.479999542236328,27.006996154785156
30-09-2016,27.520000457763672,27.610000610351562,108100,27.979999542236328,27.75,27.27235221862793
03-10-2016,27.43000030517578,27.59000015258789,115600,27.920000076293945,27.860000610351562,27.38045883178711
04-10-2016,27.809999465942383,27.850000381469727,89300,28.15999984741211,27.950000762939453,27.46890640258789
05-10-2016,28.079999923706055,28.100000381469727,237900,28.540000915527344,28.399999618530273,27.911157608032227
06-10-2016,28.010000228881836,28.459999084472656,65600,28.459999084472656,28.15999984741211,27.675289154052734
07-10-2016,27.739999771118164,28.1299991607666,95700,28.1299991607666,27.850000381469727,27.37062644958496
10-10-2016,27.899999618530273,28.010000228881836,75300,28.100000381469727,27.920000076293945,27.439422607421875
11-10-2016,27.299999237060547,27.739999771118164,102100,27.860000610351562,27.43000030517578,26.957857131958008
12-10-2016,27.420000076293945,27.479999542236328,126500,27.690000534057617,27.6299991607666,27.1544132232666
13-10-2016,26.90999984741211,27.290000915527344,94300,27.290000915527344,27.0,26.535263061523438
14-10-2016,26.860000610351562,27.1299991607666,125500,27.56999969482422,27.049999237060547,26.58439826965332
17-10-2016,26.81999969482422,27.079999923706055,122800,27.15999984741211,26.8799991607666,26.417322158813477
18-10-2016,26.950000762939453,27.15999984741211,134000,27.40999984741211,27.09000015258789,26.623708724975586
19-10-2016,27.190000534057617,27.190000534057617,122800,27.700000762939453,27.56999969482422,27.09544563293457
20-10-2016,27.290000915527344,27.450000762939453,87700,27.68000030517578,27.329999923706055,26.85957908630371
21-10-2016,26.84000015258789,27.09000015258789,130200,27.309999465942383,27.1200008392334,26.653194427490234
24-10-2016,27.299999237060547,27.309999465942383,79100,27.65999984741211,27.43000030517578,26.957857131958008
25-10-2016,26.399999618530273,28.3799991607666,246700,28.540000915527344,26.459999084472656,26.00455093383789
26-10-2016,26.459999084472656,26.459999084472656,147900,27.420000076293945,26.959999084472656,26.495943069458008
27-10-2016,27.049999237060547,27.149999618530273,99200,27.420000076293945,27.399999618530273,26.928373336791992
28-10-2016,26.889999389648438,27.520000457763672,111200,27.709999084472656,27.190000534057617,26.721986770629883
31-10-2016,27.239999771118164,27.280000686645508,193700,27.489999771118164,27.43000030517578,26.957857131958008
01-11-2016,26.75,27.469999313354492,73400,27.540000915527344,26.950000762939453,26.486122131347656
02-11-2016,26.350000381469727,26.799999237060547,92400,26.920000076293945,26.420000076293945,25.965238571166992
03-11-2016,26.149999618530273,26.469999313354492,78900,26.729999542236328,26.43000030517578,25.975067138671875
04-11-2016,26.329999923706055,26.479999542236328,89000,26.81999969482422,26.549999237060547,26.093002319335938
07-11-2016,26.969999313354492,26.969999313354492,141800,27.700000762939453,27.670000076293945,27.193727493286133
08-11-2016,27.0,27.600000381469727,61000,27.600000381469727,27.040000915527344,26.574567794799805
09-11-2016,27.010000228881836,27.010000228881836,121600,27.93000030517578,27.850000381469727,27.37062644958496
10-11-2016,28.010000228881836,28.1200008392334,133200,29.100000381469727,28.899999618530273,28.402555465698242
11-11-2016,28.1299991607666,29.100000381469727,306400,29.100000381469727,28.549999237060547,28.058578491210938
14-11-2016,28.34000015258789,28.799999237060547,395200,29.290000915527344,28.530000686645508,28.038921356201172
15-11-2016,27.920000076293945,28.5,185700,28.829999923706055,28.770000457763672,28.27479362487793
16-11-2016,27.809999465942383,28.579999923706055,253300,28.579999923706055,27.979999542236328,27.498390197753906
17-11-2016,27.850000381469727,28.100000381469727,222300,28.3700008392334,27.860000610351562,27.38045883178711
18-11-2016,27.790000915527344,27.959999084472656,218300,28.440000534057617,28.219999313354492,27.7342529296875
21-11-2016,27.579999923706055,28.479999542236328,207000,28.540000915527344,27.649999618530273,27.174070358276367
22-11-2016,27.559999465942383,27.81999969482422,150800,27.950000762939453,27.75,27.27235221862793
23-11-2016,27.700000762939453,27.799999237060547,109600,27.950000762939453,27.739999771118164,27.26251792907715
25-11-2016,27.6200008392334,27.959999084472656,45400,27.959999084472656,27.780000686645508,27.30183219909668
28-11-2016,27.3700008392334,27.610000610351562,94900,27.770000457763672,27.40999984741211,26.938203811645508
29-11-2016,27.43000030517578,27.56999969482422,173600,27.959999084472656,27.56999969482422,27.09544563293457
30-11-2016,27.809999465942383,27.8799991607666,199300,28.489999771118164,28.18000030517578,27.694948196411133
01-12-2016,27.780000686645508,28.31999969482422,222800,28.520000457763672,27.989999771118164,27.50821876525879
02-12-2016,27.3799991607666,27.93000030517578,166200,28.010000228881836,27.399999618530273,26.928373336791992
05-12-2016,27.68000030517578,27.739999771118164,204600,28.1200008392334,27.889999389648438,27.40993881225586
06-12-2016,27.450000762939453,27.969999313354492,174700,28.15999984741211,27.809999465942383,27.331317901611328
07-12-2016,27.520000457763672,27.780000686645508,149600,28.1200008392334,28.030000686645508,27.547531127929688
08-12-2016,28.049999237060547,28.049999237060547,160400,29.09000015258789,28.940000534057617,28.441865921020508
09-12-2016,28.43000030517578,28.969999313354492,116900,29.280000686645508,29.079999923706055,28.579458236694336
12-12-2016,28.520000457763672,29.079999923706055,164300,29.079999923706055,28.6299991607666,28.137203216552734
13-12-2016,28.610000610351562,28.760000228881836,202500,28.93000030517578,28.81999969482422,28.323930740356445
14-12-2016,28.31999969482422,28.56999969482422,134700,28.90999984741211,28.420000076293945,27.930816650390625
15-12-2016,27.8799991607666,28.520000457763672,321400,28.75,27.889999389648438,27.40993881225586
16-12-2016,26.520000457763672,27.809999465942383,461000,27.8700008392334,26.559999465942383,26.102828979492188
19-12-2016,26.209999084472656,26.420000076293945,239900,26.809999465942383,26.5,26.043865203857422
20-12-2016,26.309999465942383,26.40999984741211,290000,26.950000762939453,26.770000457763672,26.30921745300293
21-12-2016,26.5,26.6299991607666,182600,26.93000030517578,26.700000762939453,26.240421295166016
22-12-2016,26.3799991607666,26.510000228881836,118100,26.6200008392334,26.489999771118164,26.034034729003906
23-12-2016,26.1200008392334,26.329999923706055,88500,26.600000381469727,26.350000381469727,25.896448135375977
27-12-2016,26.219999313354492,26.479999542236328,152200,26.700000762939453,26.600000381469727,26.14214324951172
28-12-2016,26.329999923706055,26.5,216000,26.690000534057617,26.510000228881836,26.053693771362305
29-12-2016,26.489999771118164,26.510000228881836,212100,26.940000534057617,26.93000030517578,26.466463088989258
30-12-2016,26.610000610351562,27.010000228881836,240600,27.170000076293945,26.940000534057617,26.476289749145508
03-01-2017,26.6200008392334,27.040000915527344,131100,27.399999618530273,26.829999923706055,26.368186950683594
04-01-2017,26.729999542236328,26.90999984741211,115100,27.280000686645508,27.059999465942383,26.594226837158203
05-01-2017,26.34000015258789,26.950000762939453,143100,27.139999389648438,26.639999389648438,26.18145179748535
06-01-2017,26.6200008392334,26.829999923706055,133900,26.920000076293945,26.760000228881836,26.299386978149414
09-01-2017,26.5,26.649999618530273,213900,26.709999084472656,26.6299991607666,26.171628952026367
10-01-2017,26.549999237060547,26.760000228881836,145200,26.959999084472656,26.889999389648438,26.427154541015625
11-01-2017,26.549999237060547,26.899999618530273,247000,26.90999984741211,26.84000015258789,26.37801170349121
12-01-2017,26.350000381469727,26.780000686645508,167300,26.8700008392334,26.520000457763672,26.063522338867188
13-01-2017,26.25,26.65999984741211,210900,26.65999984741211,26.31999969482422,25.866962432861328
17-01-2017,25.850000381469727,26.190000534057617,255200,26.200000762939453,26.06999969482422,25.62126350402832
18-01-2017,26.100000381469727,26.200000762939453,149900,26.43000030517578,26.200000762939453,25.749032974243164
19-01-2017,25.610000610351562,26.309999465942383,259500,26.309999465942383,25.719999313354492,25.27728843688965
20-01-2017,25.799999237060547,25.81999969482422,233200,26.290000915527344,26.030000686645508,25.58195686340332
23-01-2017,25.549999237060547,26.0,360500,26.010000228881836,25.760000228881836,25.316600799560547
24-01-2017,25.059999465942383,25.31999969482422,291200,26.739999771118164,26.489999771118164,26.034034729003906
25-01-2017,26.299999237060547,26.559999465942383,526000,26.920000076293945,26.68000030517578,26.22076988220215
26-01-2017,26.170000076293945,26.780000686645508,245900,27.06999969482422,26.18000030517578,25.729373931884766
27-01-2017,26.0,26.25,260500,26.329999923706055,26.229999542236328,25.77851104736328
30-01-2017,25.549999237060547,26.06999969482422,189200,26.219999313354492,25.780000686645508,25.336259841918945
31-01-2017,25.459999084472656,25.81999969482422,223900,26.049999237060547,25.770000457763672,25.32642936706543
01-02-2017,25.65999984741211,25.950000762939453,174800,26.06999969482422,25.729999542236328,25.287113189697266
02-02-2017,25.43000030517578,25.700000762939453,212300,25.790000915527344,25.59000015258789,25.14952850341797
03-02-2017,25.84000015258789,25.84000015258789,256600,26.520000457763672,26.459999084472656,26.00455093383789
06-02-2017,25.979999542236328,26.440000534057617,162300,26.479999542236328,25.989999771118164,25.542644500732422
07-02-2017,25.75,26.059999465942383,280400,26.110000610351562,25.760000228881836,25.316600799560547
08-02-2017,25.399999618530273,25.790000915527344,156000,25.799999237060547,25.420000076293945,24.982452392578125
09-02-2017,25.3700008392334,25.59000015258789,217400,25.709999084472656,25.610000610351562,25.169187545776367
10-02-2017,25.469999313354492,25.75,201200,25.790000915527344,25.739999771118164,25.296945571899414
13-02-2017,26.34000015258789,26.489999771118164,1213300,29.360000610351562,29.100000381469727,28.59911346435547
14-02-2017,28.510000228881836,29.200000762939453,525000,29.639999389648438,28.59000015258789,28.097890853881836
15-02-2017,28.209999084472656,28.59000015258789,213900,28.84000015258789,28.56999969482422,28.07823371887207
16-02-2017,27.860000610351562,28.56999969482422,261300,28.649999618530273,28.559999465942383,28.068405151367188
17-02-2017,28.139999389648438,28.540000915527344,227400,28.559999465942383,28.440000534057617,27.95047378540039
21-02-2017,28.219999313354492,28.59000015258789,222300,28.739999771118164,28.399999618530273,27.911157608032227
22-02-2017,27.90999984741211,28.15999984741211,189300,28.31999969482422,28.170000076293945,27.685121536254883
23-02-2017,27.729999542236328,28.299999237060547,174700,28.450000762939453,28.440000534057617,27.95047378540039
24-02-2017,27.959999084472656,28.15999984741211,263800,28.520000457763672,28.469999313354492,27.979955673217773
27-02-2017,28.309999465942383,28.420000076293945,203500,28.700000762939453,28.649999618530273,28.156858444213867
28-02-2017,28.299999237060547,28.530000686645508,305700,28.610000610351562,28.399999618530273,27.911157608032227
01-03-2017,28.739999771118164,28.860000610351562,397600,29.049999237060547,28.969999313354492,28.471345901489258
02-03-2017,28.09000015258789,29.200000762939453,206000,29.200000762939453,28.149999618530273,27.665464401245117
03-03-2017,28.010000228881836,28.25,233600,28.350000381469727,28.100000381469727,27.616323471069336
06-03-2017,27.59000015258789,27.950000762939453,225500,27.979999542236328,27.940000534057617,27.45907974243164
07-03-2017,27.56999969482422,27.8700008392334,256700,27.90999984741211,27.81999969482422,27.341144561767578
08-03-2017,27.56999969482422,27.969999313354492,225000,27.969999313354492,27.6299991607666,27.1544132232666
09-03-2017,27.549999237060547,27.719999313354492,196100,27.93000030517578,27.75,27.27235221862793
10-03-2017,27.610000610351562,27.90999984741211,278300,28.09000015258789,28.010000228881836,27.52787208557129
13-03-2017,27.93000030517578,28.049999237060547,180400,28.360000610351562,27.959999084472656,27.47873306274414
14-03-2017,27.6200008392334,27.760000228881836,77900,27.84000015258789,27.6200008392334,27.144588470458984
15-03-2017,27.469999313354492,27.860000610351562,155600,27.860000610351562,27.489999771118164,27.016828536987305
16-03-2017,27.579999923706055,27.6200008392334,150200,27.799999237060547,27.709999084472656,27.233036041259766
17-03-2017,27.760000228881836,27.84000015258789,301600,28.350000381469727,28.299999237060547,27.812881469726562
20-03-2017,28.0,28.229999542236328,229500,28.360000610351562,28.209999084472656,27.724430084228516
21-03-2017,26.81999969482422,28.43000030517578,234500,28.43000030517578,26.81999969482422,26.35835838317871
22-03-2017,26.31999969482422,26.610000610351562,352600,26.920000076293945,26.65999984741211,26.201107025146484
23-03-2017,26.309999465942383,26.530000686645508,426600,27.329999923706055,27.31999969482422,26.849748611450195
24-03-2017,27.209999084472656,27.479999542236328,242600,27.719999313354492,27.34000015258789,26.869409561157227
27-03-2017,26.540000915527344,26.889999389648438,204100,27.479999542236328,27.469999313354492,26.99716567993164
28-03-2017,27.260000228881836,27.459999084472656,199300,27.860000610351562,27.780000686645508,27.30183219909668
29-03-2017,27.59000015258789,27.829999923706055,175800,27.84000015258789,27.639999389648438,27.16423988342285
30-03-2017,27.489999771118164,27.75,282600,28.610000610351562,28.440000534057617,27.95047378540039
31-03-2017,28.110000610351562,28.360000610351562,213100,28.610000610351562,28.190000534057617,27.70477294921875
03-04-2017,27.670000076293945,28.299999237060547,168300,28.420000076293945,27.850000381469727,27.37062644958496
04-04-2017,27.899999618530273,27.899999618530273,192800,28.34000015258789,28.260000228881836,27.773569107055664
05-04-2017,27.790000915527344,28.559999465942383,210800,28.690000534057617,27.790000915527344,27.311662673950195
06-04-2017,27.6299991607666,27.8799991607666,136400,28.149999618530273,28.059999465942383,27.57701301574707
07-04-2017,27.719999313354492,27.8700008392334,352700,28.170000076293945,28.09000015258789,27.60649871826172
10-04-2017,27.979999542236328,28.25,197900,28.479999542236328,28.190000534057617,27.70477294921875
11-04-2017,28.059999465942383,28.200000762939453,123700,28.610000610351562,28.459999084472656,27.97012710571289
12-04-2017,27.93000030517578,28.520000457763672,94900,28.600000381469727,28.020000457763672,27.537700653076172
13-04-2017,27.559999465942383,28.09000015258789,143700,28.1299991607666,27.59000015258789,27.115100860595703
17-04-2017,27.520000457763672,27.670000076293945,173300,28.200000762939453,28.1299991607666,27.64580535888672
18-04-2017,27.729999542236328,27.93000030517578,212200,28.530000686645508,28.459999084472656,27.97012710571289
19-04-2017,28.3700008392334,28.709999084472656,214300,28.93000030517578,28.420000076293945,27.930816650390625
20-04-2017,28.350000381469727,28.6200008392334,256200,28.799999237060547,28.690000534057617,28.196170806884766
21-04-2017,28.329999923706055,28.559999465942383,169400,28.719999313354492,28.3799991607666,27.891508102416992
24-04-2017,28.59000015258789,28.690000534057617,243400,28.93000030517578,28.690000534057617,28.196170806884766
25-04-2017,28.729999542236328,29.799999237060547,306600,30.360000610351562,29.25,28.746532440185547
26-04-2017,29.530000686645508,30.299999237060547,409900,30.700000762939453,30.270000457763672,29.748973846435547
27-04-2017,29.56999969482422,30.450000762939453,194700,30.559999465942383,29.579999923706055,29.070850372314453
28-04-2017,29.229999542236328,29.600000381469727,320500,29.8700008392334,29.239999771118164,28.73670196533203
01-05-2017,29.25,29.420000076293945,216300,30.280000686645508,29.940000534057617,29.424654006958008
02-05-2017,29.559999465942383,29.959999084472656,156300,30.020000457763672,29.81999969482422,29.30671501159668
03-05-2017,29.579999923706055,29.739999771118164,113400,29.989999771118164,29.969999313354492,29.454132080078125
04-05-2017,29.889999389648438,30.049999237060547,146300,30.299999237060547,30.229999542236328,29.709659576416016
05-05-2017,29.899999618530273,30.299999237060547,158000,30.459999084472656,30.440000534057617,29.916048049926758
08-05-2017,30.110000610351562,30.360000610351562,131800,30.459999084472656,30.3799991607666,29.857080459594727
09-05-2017,29.950000762939453,30.360000610351562,179600,30.479999542236328,30.059999465942383,29.542591094970703
10-05-2017,29.959999084472656,30.049999237060547,68600,30.209999084472656,29.989999771118164,29.473793029785156
11-05-2017,29.389999389648438,29.809999465942383,108400,29.93000030517578,29.579999923706055,29.070850372314453
12-05-2017,28.959999084472656,29.440000534057617,130000,29.6299991607666,29.459999084472656,28.952917098999023
15-05-2017,29.469999313354492,29.56999969482422,144200,29.829999923706055,29.559999465942383,29.05119514465332
16-05-2017,29.280000686645508,29.530000686645508,173800,29.6299991607666,29.360000610351562,28.854637145996094
17-05-2017,28.709999084472656,28.760000228881836,252600,29.0,28.770000457763672,28.27479362487793
18-05-2017,28.600000381469727,28.739999771118164,137200,29.030000686645508,28.760000228881836,28.26496696472168
19-05-2017,28.600000381469727,28.770000457763672,225600,29.059999465942383,28.829999923706055,28.333759307861328
22-05-2017,28.579999923706055,28.969999313354492,110300,28.979999542236328,28.8799991607666,28.382896423339844
23-05-2017,28.649999618530273,28.950000762939453,72200,29.1299991607666,29.059999465942383,28.559797286987305
24-05-2017,28.68000030517578,29.049999237060547,94200,29.100000381469727,28.81999969482422,28.323930740356445
25-05-2017,28.600000381469727,28.899999618530273,131500,29.020000457763672,28.889999389648438,28.39272689819336
26-05-2017,28.760000228881836,28.760000228881836,162200,29.440000534057617,29.309999465942383,28.805498123168945
30-05-2017,28.739999771118164,29.290000915527344,200800,29.290000915527344,28.989999771118164,28.491004943847656
31-05-2017,28.43000030517578,28.959999084472656,232500,28.959999084472656,28.889999389648438,28.39272689819336
01-06-2017,28.75,29.1200008392334,137800,29.479999542236328,29.469999313354492,28.96274185180664
02-06-2017,29.280000686645508,29.329999923706055,165300,29.84000015258789,29.5,28.992223739624023
05-06-2017,29.149999618530273,29.469999313354492,175000,29.719999313354492,29.389999389648438,28.884119033813477
06-06-2017,28.760000228881836,29.139999389648438,125200,29.399999618530273,29.260000228881836,28.756357192993164
07-06-2017,29.06999969482422,29.3799991607666,145200,29.479999542236328,29.309999465942383,28.805498123168945
08-06-2017,29.219999313354492,29.350000381469727,234500,30.459999084472656,30.350000381469727,29.827594757080078
09-06-2017,30.489999771118164,30.489999771118164,167700,31.059999465942383,30.75,30.220712661743164
12-06-2017,30.489999771118164,30.790000915527344,142600,31.229999542236328,30.8799991607666,30.348474502563477
13-06-2017,31.06999969482422,31.139999389648438,203500,31.56999969482422,31.360000610351562,30.820213317871094
14-06-2017,30.809999465942383,31.170000076293945,143700,31.34000015258789,31.25,30.71210479736328
15-06-2017,30.84000015258789,30.8799991607666,163800,31.549999237060547,30.959999084472656,30.427093505859375
16-06-2017,30.65999984741211,30.780000686645508,195600,31.149999618530273,31.110000610351562,30.574512481689453
19-06-2017,30.989999771118164,31.350000381469727,83400,31.489999771118164,31.1200008392334,30.584341049194336
20-06-2017,30.610000610351562,30.979999542236328,223000,31.239999771118164,30.799999237060547,30.269847869873047
21-06-2017,30.299999237060547,30.8700008392334,302400,30.989999771118164,30.479999542236328,29.955358505249023
22-06-2017,30.219999313354492,30.5,194700,30.56999969482422,30.309999465942383,29.78828239440918
23-06-2017,30.219999313354492,30.40999984741211,405400,30.639999389648438,30.520000457763672,29.994672775268555
26-06-2017,30.360000610351562,30.6299991607666,217600,30.979999542236328,30.75,30.220712661743164
27-06-2017,30.690000534057617,30.81999969482422,197100,31.219999313354492,30.719999313354492,30.191226959228516
28-06-2017,30.649999618530273,30.969999313354492,189500,31.18000030517578,30.729999542236328,30.201053619384766
29-06-2017,30.479999542236328,31.1299991607666,155400,31.229999542236328,30.969999313354492,30.436922073364258
30-06-2017,30.43000030517578,31.06999969482422,119900,31.06999969482422,30.81999969482422,30.289508819580078
03-07-2017,30.760000228881836,31.0,72300,31.43000030517578,31.31999969482422,30.78089714050293
05-07-2017,30.540000915527344,31.350000381469727,123100,31.350000381469727,31.06999969482422,30.535200119018555
06-07-2017,30.899999618530273,31.030000686645508,180600,31.350000381469727,31.06999969482422,30.535200119018555
07-07-2017,30.65999984741211,31.170000076293945,111700,31.170000076293945,31.0,30.466407775878906
10-07-2017,30.559999465942383,30.860000610351562,182000,30.940000534057617,30.770000457763672,30.24036979675293
11-07-2017,30.270000457763672,30.780000686645508,91500,30.780000686645508,30.360000610351562,29.837421417236328
12-07-2017,30.309999465942383,30.3700008392334,136400,30.729999542236328,30.649999618530273,30.1224308013916
13-07-2017,30.229999542236328,30.760000228881836,76700,30.760000228881836,30.459999084472656,29.935699462890625
14-07-2017,29.799999237060547,30.15999984741211,168500,30.270000457763672,30.059999465942383,29.542591094970703
17-07-2017,29.719999313354492,30.040000915527344,128000,30.270000457763672,29.959999084472656,29.444307327270508
18-07-2017,29.75,29.799999237060547,92300,30.100000381469727,29.979999542236328,29.463964462280273
19-07-2017,29.75,30.100000381469727,160700,30.100000381469727,29.920000076293945,29.404996871948242
20-07-2017,29.65999984741211,30.010000228881836,85200,30.09000015258789,29.889999389648438,29.375513076782227
21-07-2017,29.610000610351562,30.040000915527344,233400,30.06999969482422,29.940000534057617,29.424654006958008
24-07-2017,29.969999313354492,29.969999313354492,151800,30.290000915527344,30.09000015258789,29.572071075439453
25-07-2017,30.799999237060547,31.0,626500,32.790000915527344,32.0099983215332,31.459022521972656
26-07-2017,32.130001068115234,32.29999923706055,345000,32.880001068115234,32.43000030517578,31.87179183959961
27-07-2017,32.09000015258789,32.650001525878906,229900,32.810001373291016,32.34000015258789,31.783342361450195
28-07-2017,32.13999938964844,32.41999816894531,198400,32.41999816894531,32.310001373291016,31.753860473632812
31-07-2017,32.31999969482422,32.52000045776367,116600,32.720001220703125,32.560001373291016,31.99955177307129
01-08-2017,32.70000076293945,32.95000076293945,174700,33.439998626708984,33.209999084472656,32.638370513916016
02-08-2017,32.900001525878906,33.119998931884766,122700,33.279998779296875,32.900001525878906,32.333709716796875
03-08-2017,32.41999816894531,33.0,143800,33.0,32.61000061035156,32.048702239990234
04-08-2017,32.40999984741211,32.779998779296875,73400,32.970001220703125,32.41999816894531,31.861961364746094
07-08-2017,32.25,32.52000045776367,95700,32.54999923706055,32.43000030517578,31.87179183959961
08-08-2017,32.349998474121094,32.36000061035156,125800,33.04999923706055,32.45000076293945,31.891447067260742
09-08-2017,31.860000610351562,32.279998779296875,155300,32.4900016784668,31.93000030517578,31.380399703979492
10-08-2017,31.350000381469727,31.559999465942383,250200,31.90999984741211,31.3700008392334,30.830039978027344
11-08-2017,31.190000534057617,31.579999923706055,248200,31.739999771118164,31.709999084472656,31.164186477661133
14-08-2017,31.8700008392334,31.8700008392334,145300,32.33000183105469,32.130001068115234,31.57695960998535
15-08-2017,31.8700008392334,32.27000045776367,145800,32.47999954223633,31.979999542236328,31.42953872680664
16-08-2017,31.81999969482422,31.989999771118164,137200,32.189998626708984,31.989999771118164,31.439367294311523
17-08-2017,31.239999771118164,31.850000381469727,190500,31.989999771118164,31.270000457763672,30.731760025024414
18-08-2017,30.850000381469727,31.049999237060547,119100,31.40999984741211,31.239999771118164,30.70227813720703
21-08-2017,30.889999389648438,31.170000076293945,76100,31.170000076293945,31.0,30.466407775878906
22-08-2017,31.040000915527344,31.100000381469727,84500,31.350000381469727,31.15999984741211,30.6236515045166
23-08-2017,30.979999542236328,30.989999771118164,76300,31.56999969482422,31.510000228881836,30.967632293701172
24-08-2017,31.43000030517578,31.579999923706055,95200,31.780000686645508,31.760000228881836,31.21332359313965
25-08-2017,31.75,31.850000381469727,79000,32.16999816894531,32.0099983215332,31.459022521972656
28-08-2017,31.940000534057617,32.060001373291016,99200,32.15999984741211,32.08000183105469,31.527820587158203
29-08-2017,31.600000381469727,32.060001373291016,89900,32.119998931884766,32.0099983215332,31.459022521972656
30-08-2017,31.920000076293945,32.150001525878906,125600,32.2599983215332,32.04999923706055,31.498332977294922
31-08-2017,32.060001373291016,32.31999969482422,185800,32.95000076293945,32.81999969482422,32.25507736206055
01-09-2017,32.689998626708984,32.86000061035156,87400,33.06999969482422,32.86000061035156,32.29438781738281
05-09-2017,32.11000061035156,32.34000015258789,153400,32.66999816894531,32.220001220703125,31.6654109954834
06-09-2017,31.940000534057617,32.22999954223633,127700,32.540000915527344,32.04999923706055,31.498332977294922
07-09-2017,31.760000228881836,32.04999923706055,148100,32.08000183105469,31.8799991607666,31.331256866455078
08-09-2017,31.889999389648438,31.940000534057617,66700,32.38999938964844,32.29999923706055,31.74402618408203
11-09-2017,32.560001373291016,32.66999816894531,99000,32.939998626708984,32.93000030517578,32.363182067871094
12-09-2017,32.88999938964844,33.0099983215332,70200,33.31999969482422,33.15999984741211,32.5892333984375
13-09-2017,32.95000076293945,33.08000183105469,84200,33.349998474121094,33.29999923706055,32.7268180847168
14-09-2017,32.970001220703125,33.25,68000,33.369998931884766,33.029998779296875,32.461463928222656
15-09-2017,32.83000183105469,33.04999923706055,171300,33.310001373291016,33.29999923706055,32.7268180847168
18-09-2017,33.310001373291016,33.310001373291016,191900,33.970001220703125,33.81999969482422,33.23786163330078
19-09-2017,33.619998931884766,33.79999923706055,102000,33.849998474121094,33.65999984741211,33.080623626708984
20-09-2017,33.369998931884766,33.65999984741211,121500,33.849998474121094,33.689998626708984,33.1100959777832
21-09-2017,33.68000030517578,33.68000030517578,120900,34.22999954223633,34.099998474121094,33.51305389404297
22-09-2017,34.04999923706055,34.06999969482422,142100,34.529998779296875,34.279998779296875,33.68994903564453
25-09-2017,33.959999084472656,34.25,89700,34.439998626708984,34.150001525878906,33.56219482421875
26-09-2017,34.189998626708984,34.189998626708984,212600,34.81999969482422,34.72999954223633,34.132198333740234
27-09-2017,34.86000061035156,35.029998779296875,264500,36.189998626708984,35.47999954223633,34.86929702758789
28-09-2017,35.279998779296875,35.4900016784668,152200,35.52000045776367,35.439998626708984,34.829978942871094
29-09-2017,35.27000045776367,35.27000045776367,143300,35.88999938964844,35.47999954223633,34.86929702758789
02-10-2017,35.369998931884766,35.5099983215332,146900,35.720001220703125,35.68000030517578,35.065853118896484
03-10-2017,35.470001220703125,35.84000015258789,203100,35.84000015258789,35.709999084472656,35.095333099365234
04-10-2017,35.540000915527344,35.709999084472656,135100,35.900001525878906,35.630001068115234,35.01670455932617
05-10-2017,35.689998626708984,35.779998779296875,103400,36.099998474121094,35.970001220703125,35.35085678100586
06-10-2017,35.7599983215332,36.04999923706055,128000,36.34000015258789,35.810001373291016,35.19361114501953
09-10-2017,35.70000076293945,35.810001373291016,140600,36.04999923706055,35.959999084472656,35.34103012084961
10-10-2017,35.90999984741211,36.22999954223633,74500,36.2400016784668,36.220001220703125,35.596553802490234
11-10-2017,35.9900016784668,36.220001220703125,67700,36.400001525878906,36.189998626708984,35.567073822021484
12-10-2017,35.72999954223633,36.34000015258789,101500,36.34000015258789,35.779998779296875,35.16413116455078
13-10-2017,35.2599983215332,35.84000015258789,167200,35.84000015258789,35.47999954223633,34.86929702758789
16-10-2017,35.47999954223633,35.540000915527344,66900,36.04999923706055,35.70000076293945,35.085506439208984
17-10-2017,35.470001220703125,35.7599983215332,55100,36.029998779296875,35.529998779296875,34.91843795776367
18-10-2017,35.880001068115234,35.900001525878906,144600,36.29999923706055,36.0,35.38034439086914
19-10-2017,35.630001068115234,35.90999984741211,121700,36.34000015258789,36.31999969482422,35.69483184814453
20-10-2017,36.310001373291016,36.83000183105469,181300,36.83000183105469,36.599998474121094,35.97001647949219
23-10-2017,36.189998626708984,36.650001525878906,195200,36.72999954223633,36.560001373291016,35.93070602416992
24-10-2017,36.040000915527344,36.54999923706055,159100,36.97999954223633,36.54999923706055,35.92087936401367
25-10-2017,35.880001068115234,37.279998779296875,287600,37.380001068115234,37.130001068115234,36.49089050292969
26-10-2017,37.11000061035156,37.47999954223633,167800,38.2599983215332,37.619998931884766,36.97246170043945
27-10-2017,37.459999084472656,37.459999084472656,120400,37.90999984741211,37.75,37.1002197265625
30-10-2017,37.11000061035156,37.72999954223633,138500,37.810001373291016,37.29999923706055,36.65796661376953
31-10-2017,37.2400016784668,37.33000183105469,119400,37.849998474121094,37.369998931884766,36.72676086425781
01-11-2017,36.939998626708984,37.709999084472656,101400,37.810001373291016,36.970001220703125,36.33364486694336
02-11-2017,36.95000076293945,36.95000076293945,170200,37.66999816894531,37.29999923706055,36.65796661376953
03-11-2017,36.560001373291016,37.16999816894531,190500,37.16999816894531,36.720001220703125,36.08795166015625
06-11-2017,35.939998626708984,36.720001220703125,213300,36.720001220703125,36.09000015258789,35.46879577636719
07-11-2017,35.209999084472656,35.959999084472656,198100,36.06999969482422,35.34000015258789,34.7317008972168
08-11-2017,34.540000915527344,35.13999938964844,212800,35.209999084472656,34.900001525878906,34.29927062988281
09-11-2017,34.470001220703125,34.630001068115234,247200,35.040000915527344,34.81999969482422,34.22065353393555
10-11-2017,34.7400016784668,34.90999984741211,112400,35.29999923706055,34.869998931884766,34.26979446411133
13-11-2017,34.619998931884766,34.70000076293945,84700,35.36000061035156,35.31999969482422,34.71205139160156
14-11-2017,35.02000045776367,35.130001068115234,211700,36.27000045776367,36.2400016784668,35.6162223815918
15-11-2017,35.779998779296875,35.90999984741211,160200,36.439998626708984,36.0099983215332,35.39017868041992
16-11-2017,35.720001220703125,36.25,120400,36.45000076293945,35.7599983215332,35.144466400146484
17-11-2017,35.529998779296875,35.56999969482422,131500,35.970001220703125,35.869998931884766,35.25258255004883
20-11-2017,35.810001373291016,35.9900016784668,126300,36.459999084472656,36.38999938964844,35.76362991333008
21-11-2017,36.31999969482422,36.540000915527344,160800,36.68000030517578,36.45000076293945,35.822601318359375
22-11-2017,36.41999816894531,36.560001373291016,91300,36.959999084472656,36.47999954223633,35.85207748413086
24-11-2017,36.36000061035156,36.56999969482422,68000,36.779998779296875,36.63999938964844,36.00933074951172
27-11-2017,36.400001525878906,36.61000061035156,96300,36.709999084472656,36.439998626708984,35.812767028808594
28-11-2017,36.2599983215332,36.599998474121094,176600,37.2400016784668,37.18000030517578,36.54002380371094
29-11-2017,37.20000076293945,37.38999938964844,240400,37.790000915527344,37.7400016784668,37.090389251708984
30-11-2017,37.459999084472656,38.029998779296875,268100,38.20000076293945,38.0099983215332,37.35574722290039
01-12-2017,36.599998474121094,38.0099983215332,140100,38.0099983215332,37.75,37.1002197265625
04-12-2017,38.11000061035156,38.29999923706055,161600,38.70000076293945,38.47999954223633,37.81765365600586
05-12-2017,37.880001068115234,38.63999938964844,102600,38.790000915527344,37.90999984741211,37.25746536254883
06-12-2017,37.47999954223633,37.779998779296875,87200,38.0099983215332,37.58000183105469,36.933143615722656
07-12-2017,37.279998779296875,37.279998779296875,118700,37.9900016784668,37.75,37.1002197265625
08-12-2017,37.34000015258789,37.90999984741211,64200,38.029998779296875,37.41999816894531,36.77589797973633
11-12-2017,37.16999816894531,37.400001525878906,89700,37.630001068115234,37.439998626708984,36.79555130004883
12-12-2017,37.33000183105469,37.540000915527344,144800,38.060001373291016,37.59000015258789,36.94297409057617
13-12-2017,36.810001373291016,37.599998474121094,148700,37.599998474121094,36.88999938964844,36.25502395629883
14-12-2017,36.41999816894531,37.02000045776367,95900,37.2400016784668,36.540000915527344,35.91104507446289
15-12-2017,36.5099983215332,36.5099983215332,332700,37.84000015258789,37.40999984741211,36.76607894897461
18-12-2017,37.349998474121094,37.77000045776367,186100,38.2599983215332,37.470001220703125,36.82504653930664
19-12-2017,37.279998779296875,37.61000061035156,164500,37.939998626708984,37.349998474121094,36.70710372924805
20-12-2017,36.900001525878906,37.58000183105469,193900,37.68000030517578,36.95000076293945,36.313987731933594
21-12-2017,37.040000915527344,37.040000915527344,136900,37.79999923706055,37.689998626708984,37.04125213623047
22-12-2017,37.72999954223633,37.90999984741211,95500,38.0,37.970001220703125,37.31643295288086
26-12-2017,37.52000045776367,38.040000915527344,135400,38.09000015258789,37.599998474121094,36.952796936035156
27-12-2017,37.369998931884766,37.720001220703125,205500,37.90999984741211,37.650001525878906,37.00194549560547
28-12-2017,37.459999084472656,37.900001525878906,133900,37.900001525878906,37.599998474121094,36.952796936035156
29-12-2017,37.400001525878906,37.7400016784668,167900,37.7400016784668,37.41999816894531,36.77589797973633
02-01-2018,36.880001068115234,37.5,169800,37.540000915527344,37.150001525878906,36.51055145263672
03-01-2018,36.16999816894531,37.040000915527344,193200,37.040000915527344,36.2400016784668,35.6162223815918
04-01-2018,36.380001068115234,36.400001525878906,149800,37.0,36.7599983215332,36.12725830078125
05-01-2018,36.900001525878906,37.04999923706055,177600,37.439998626708984,37.43000030517578,36.785728454589844
08-01-2018,37.43000030517578,37.43000030517578,237600,38.0,37.88999938964844,37.23781204223633
09-01-2018,37.9900016784668,37.9900016784668,267900,38.91999816894531,38.380001068115234,37.71937561035156
10-01-2018,38.33000183105469,38.54999923706055,175400,39.13999938964844,38.650001525878906,37.98473358154297
11-01-2018,38.709999084472656,38.91999816894531,174600,39.36000061035156,39.2400016784668,38.5645751953125
12-01-2018,38.619998931884766,39.5,231400,39.5,38.75,38.0830078125
16-01-2018,38.060001373291016,38.97999954223633,171300,39.15999984741211,38.150001525878906,37.493343353271484
17-01-2018,37.939998626708984,38.27000045776367,123100,38.68000030517578,38.5099983215332,37.847137451171875
18-01-2018,38.20000076293945,38.45000076293945,77900,38.61000061035156,38.52000045776367,37.856971740722656
19-01-2018,38.400001525878906,38.400001525878906,157300,39.15999984741211,39.13999938964844,38.4662971496582
22-01-2018,38.52000045776367,38.970001220703125,305000,39.09000015258789,38.97999954223633,38.30904769897461
23-01-2018,38.04999923706055,39.900001525878906,255600,40.060001373291016,38.29999923706055,37.64076232910156
24-01-2018,37.099998474121094,38.58000183105469,384700,38.58000183105469,37.619998931884766,36.97246170043945
25-01-2018,37.2400016784668,37.689998626708984,198100,37.689998626708984,37.41999816894531,36.77589797973633
26-01-2018,37.15999984741211,37.459999084472656,144700,37.72999954223633,37.720001220703125,37.070735931396484
29-01-2018,37.189998626708984,37.70000076293945,188400,38.25,37.2599983215332,36.618656158447266
30-01-2018,36.849998474121094,37.040000915527344,166400,37.369998931884766,37.2400016784668,36.599002838134766
31-01-2018,37.189998626708984,37.369998931884766,152100,37.7599983215332,37.25,36.608829498291016
01-02-2018,36.88999938964844,37.13999938964844,213500,37.779998779296875,37.72999954223633,37.080562591552734
02-02-2018,37.11000061035156,37.599998474121094,97500,37.84000015258789,37.189998626708984,36.549861907958984
05-02-2018,35.599998474121094,36.86000061035156,222700,37.13999938964844,35.900001525878906,35.28207015991211
06-02-2018,34.869998931884766,34.869998931884766,223500,35.84000015258789,35.380001068115234,34.771018981933594
07-02-2018,35.16999816894531,35.380001068115234,274700,35.970001220703125,35.79999923706055,35.18377685546875
08-02-2018,34.79999923706055,35.83000183105469,144900,36.2400016784668,34.81999969482422,34.22065353393555
09-02-2018,34.36000061035156,35.09000015258789,178000,35.41999816894531,35.2400016784668,34.633426666259766
12-02-2018,34.790000915527344,35.290000915527344,144500,35.40999984741211,35.0,34.39755630493164
13-02-2018,34.619998931884766,34.86000061035156,109100,35.20000076293945,35.18000030517578,34.574462890625
14-02-2018,35.04999923706055,35.04999923706055,101600,35.720001220703125,35.709999084472656,35.095333099365234
15-02-2018,35.38999938964844,35.88999938964844,86600,35.959999084472656,35.560001373291016,34.94791793823242
16-02-2018,35.349998474121094,35.43000030517578,139200,35.93000030517578,35.68000030517578,35.065853118896484
20-02-2018,35.189998626708984,35.560001373291016,121500,35.9900016784668,35.40999984741211,34.80049514770508
21-02-2018,35.47999954223633,35.47999954223633,164300,36.33000183105469,35.810001373291016,35.19361114501953
22-02-2018,35.27000045776367,35.849998474121094,115300,36.209999084472656,35.34000015258789,34.7317008972168
23-02-2018,35.25,35.4900016784668,102200,35.779998779296875,35.7599983215332,35.144466400146484
26-02-2018,35.61000061035156,35.95000076293945,125900,36.2599983215332,36.130001068115234,35.508113861083984
27-02-2018,35.599998474121094,36.040000915527344,225800,36.40999984741211,35.61000061035156,34.99706268310547
28-02-2018,35.099998474121094,35.779998779296875,222100,35.79999923706055,35.2599983215332,34.653076171875
01-03-2018,35.060001373291016,35.18000030517578,104100,35.43000030517578,35.18000030517578,34.574462890625
02-03-2018,34.66999816894531,34.97999954223633,91900,35.72999954223633,35.63999938964844,35.02653884887695
05-03-2018,35.279998779296875,35.4900016784668,101000,36.189998626708984,36.0099983215332,35.39017868041992
06-03-2018,35.709999084472656,36.20000076293945,114900,36.400001525878906,36.29999923706055,35.6751823425293
07-03-2018,36.029998779296875,36.029998779296875,118800,36.7599983215332,36.650001525878906,36.0191650390625
08-03-2018,36.279998779296875,36.720001220703125,154800,36.93000030517578,36.5,35.871742248535156
09-03-2018,36.27000045776367,36.70000076293945,300000,36.709999084472656,36.59000015258789,35.96018981933594
12-03-2018,36.59000015258789,36.59000015258789,200100,37.150001525878906,37.060001373291016,36.422096252441406
13-03-2018,36.72999954223633,37.380001068115234,148900,37.7599983215332,36.959999084472656,36.323814392089844
14-03-2018,36.33000183105469,37.029998779296875,146800,37.380001068115234,36.43000030517578,35.802947998046875
15-03-2018,36.06999969482422,36.59000015258789,89600,36.709999084472656,36.400001525878906,35.773460388183594
16-03-2018,36.41999816894531,36.41999816894531,225100,36.849998474121094,36.65999984741211,36.02898406982422
19-03-2018,36.5099983215332,36.66999816894531,132800,36.86000061035156,36.70000076293945,36.068294525146484
20-03-2018,36.540000915527344,36.72999954223633,126300,37.400001525878906,36.63999938964844,36.00933074951172
21-03-2018,36.20000076293945,36.65999984741211,112800,36.70000076293945,36.349998474121094,35.72431945800781
22-03-2018,35.29999923706055,36.04999923706055,139700,36.22999954223633,35.36000061035156,34.75136184692383
23-03-2018,34.720001220703125,36.22999954223633,306900,36.22999954223633,35.20000076293945,34.594120025634766
26-03-2018,35.47999954223633,35.560001373291016,240600,36.119998931884766,35.97999954223633,35.36069107055664
27-03-2018,35.29999923706055,36.119998931884766,142400,36.18000030517578,35.459999084472656,34.84963607788086
28-03-2018,35.119998931884766,35.34000015258789,138000,35.709999084472656,35.5,34.88894271850586
29-03-2018,35.2400016784668,35.709999084472656,656600,35.779998779296875,35.400001525878906,34.79067611694336
02-04-2018,34.97999954223633,35.400001525878906,215800,35.630001068115234,35.150001525878906,34.544979095458984
03-04-2018,35.13999938964844,35.220001220703125,195800,35.59000015258789,35.56999969482422,34.95774841308594
04-04-2018,35.06999969482422,35.18000030517578,156100,36.02000045776367,35.900001525878906,35.28207015991211
05-04-2018,35.83000183105469,36.16999816894531,131600,36.25,36.04999923706055,35.42947769165039
06-04-2018,34.7400016784668,35.599998474121094,263500,35.810001373291016,35.150001525878906,34.544979095458984
09-04-2018,34.630001068115234,35.0099983215332,195800,35.689998626708984,34.65999984741211,34.063411712646484
10-04-2018,34.599998474121094,34.900001525878906,205900,35.150001525878906,34.91999816894531,34.318939208984375
11-04-2018,34.40999984741211,34.7400016784668,155800,34.88999938964844,34.650001525878906,34.0535774230957
12-04-2018,34.47999954223633,34.5099983215332,165800,34.869998931884766,34.540000915527344,33.945472717285156
13-04-2018,33.61000061035156,34.619998931884766,239900,34.619998931884766,33.790000915527344,33.20838165283203
16-04-2018,33.40999984741211,33.97999954223633,308200,34.060001373291016,33.5,32.92337417602539
17-04-2018,32.810001373291016,33.75,224400,33.75,33.09000015258789,32.52043533325195
18-04-2018,32.939998626708984,33.2599983215332,147900,33.61000061035156,33.599998474121094,33.02165222167969
19-04-2018,33.279998779296875,33.59000015258789,308500,33.959999084472656,33.34000015258789,32.76612854003906
20-04-2018,33.13999938964844,33.25,424000,33.4900016784668,33.2599983215332,32.6875114440918
23-04-2018,33.11000061035156,33.11000061035156,347100,33.68000030517578,33.61000061035156,33.0314826965332
24-04-2018,33.91999816894531,33.91999816894531,373500,35.04999923706055,34.61000061035156,34.01427459716797
25-04-2018,34.54999923706055,34.68000030517578,362300,35.599998474121094,35.380001068115234,34.771018981933594
26-04-2018,34.779998779296875,35.220001220703125,244700,35.290000915527344,34.880001068115234,34.27962875366211
27-04-2018,34.779998779296875,34.880001068115234,206800,35.380001068115234,34.790000915527344,34.19116973876953
30-04-2018,34.54999923706055,34.79999923706055,277700,34.970001220703125,34.54999923706055,33.95530319213867
01-05-2018,34.20000076293945,34.63999938964844,215200,34.65999984741211,34.61000061035156,34.01427459716797
02-05-2018,34.27000045776367,34.56999969482422,166000,34.709999084472656,34.41999816894531,33.827545166015625
03-05-2018,33.619998931884766,34.349998474121094,156300,34.45000076293945,33.720001220703125,33.13958740234375
04-05-2018,33.2599983215332,33.58000183105469,552000,34.29999923706055,34.04999923706055,33.46391296386719
07-05-2018,33.68000030517578,34.22999954223633,281500,34.349998474121094,33.7400016784668,33.159244537353516
08-05-2018,33.2599983215332,33.65999984741211,385500,33.93000030517578,33.54999923706055,32.972511291503906
09-05-2018,33.58000183105469,33.630001068115234,219200,34.25,34.060001373291016,33.47373580932617
10-05-2018,33.90999984741211,34.06999969482422,119600,34.38999938964844,34.15999984741211,33.572017669677734
11-05-2018,34.18000030517578,34.18000030517578,100100,34.529998779296875,34.2400016784668,33.650630950927734
14-05-2018,33.95000076293945,35.119998931884766,290700,35.119998931884766,33.9900016784668,33.404937744140625
15-05-2018,33.91999816894531,33.91999816894531,291200,34.47999954223633,34.22999954223633,33.64080810546875
16-05-2018,34.029998779296875,34.209999084472656,162900,34.5099983215332,34.150001525878906,33.56219482421875
17-05-2018,33.93000030517578,34.18000030517578,226200,34.540000915527344,34.18000030517578,33.59166717529297
18-05-2018,34.20000076293945,34.36000061035156,213600,34.75,34.68000030517578,34.083065032958984
21-05-2018,34.77000045776367,34.79999923706055,207700,35.22999954223633,35.20000076293945,34.594120025634766
22-05-2018,35.099998474121094,35.25,101900,35.619998931884766,35.18000030517578,34.574462890625
23-05-2018,34.97999954223633,35.130001068115234,123500,35.43000030517578,35.34000015258789,34.7317008972168
24-05-2018,35.02000045776367,35.20000076293945,202500,35.2599983215332,35.11000061035156,34.50566482543945
25-05-2018,34.939998626708984,35.099998474121094,99200,35.2400016784668,34.970001220703125,34.36807632446289
29-05-2018,34.36000061035156,34.7599983215332,223200,35.08000183105469,34.560001373291016,33.96513748168945
30-05-2018,34.27000045776367,34.7400016784668,166900,34.970001220703125,34.900001525878906,34.29927062988281
31-05-2018,34.650001525878906,34.86000061035156,139200,35.13999938964844,34.790000915527344,34.19116973876953
01-06-2018,35.08000183105469,35.08000183105469,109600,35.38999938964844,35.15999984741211,34.5547981262207
04-06-2018,34.56999969482422,35.15999984741211,265000,35.2400016784668,34.7599983215332,34.16168975830078
05-06-2018,34.40999984741211,34.709999084472656,760400,35.150001525878906,34.790000915527344,34.19116973876953
06-06-2018,35.06999969482422,35.06999969482422,363400,36.45000076293945,36.310001373291016,35.68500518798828
07-06-2018,36.91999816894531,37.11000061035156,249300,38.0,37.75,37.1002197265625
08-06-2018,36.900001525878906,37.630001068115234,237300,37.939998626708984,37.25,36.608829498291016
11-06-2018,34.9900016784668,37.029998779296875,763500,37.15999984741211,35.290000915527344,34.682559967041016
12-06-2018,35.099998474121094,35.099998474121094,3046000,36.27000045776367,35.16999816894531,34.56462860107422
13-06-2018,35.16999816894531,35.310001373291016,910700,36.0,35.54999923706055,34.93809127807617
14-06-2018,35.34000015258789,35.66999816894531,1303700,35.810001373291016,35.68000030517578,35.065853118896484
15-06-2018,35.189998626708984,35.630001068115234,343400,35.70000076293945,35.470001220703125,34.859474182128906
18-06-2018,35.31999969482422,35.41999816894531,562700,35.83000183105469,35.689998626708984,35.07568359375
19-06-2018,35.529998779296875,35.540000915527344,407500,35.95000076293945,35.849998474121094,35.23292922973633
20-06-2018,35.849998474121094,36.0,418000,36.040000915527344,35.88999938964844,35.27224349975586
21-06-2018,35.650001525878906,35.959999084472656,384500,36.220001220703125,35.72999954223633,35.114990234375
22-06-2018,34.970001220703125,35.91999816894531,894800,35.91999816894531,35.15999984741211,34.5547981262207
25-06-2018,34.720001220703125,35.11000061035156,290000,35.22999954223633,35.06999969482422,34.46635437011719
26-06-2018,34.349998474121094,34.9900016784668,386300,35.0,34.880001068115234,34.27962875366211
27-06-2018,34.349998474121094,35.02000045776367,214100,35.08000183105469,34.349998474121094,33.75874328613281
28-06-2018,34.599998474121094,34.7599983215332,843000,35.70000076293945,34.709999084472656,34.1125602722168
29-06-2018,34.25,34.86000061035156,359400,34.90999984741211,34.2599983215332,33.670291900634766
02-07-2018,33.83000183105469,34.099998474121094,335100,34.4900016784668,34.369998931884766,33.77839660644531
03-07-2018,34.470001220703125,34.560001373291016,101000,35.0,34.779998779296875,34.181339263916016
05-07-2018,34.36000061035156,34.779998779296875,359900,34.880001068115234,34.7599983215332,34.16168975830078
06-07-2018,34.59000015258789,34.720001220703125,198200,35.040000915527344,34.7599983215332,34.16168975830078
09-07-2018,34.790000915527344,34.849998474121094,512500,35.619998931884766,35.5,34.88894271850586
10-07-2018,34.720001220703125,35.630001068115234,337700,35.75,34.7400016784668,34.14203643798828
11-07-2018,34.2400016784668,34.2400016784668,434700,34.790000915527344,34.630001068115234,34.03392791748047
12-07-2018,33.58000183105469,34.790000915527344,427400,34.790000915527344,34.02000045776367,33.43442916870117
13-07-2018,32.72999954223633,33.970001220703125,379000,33.970001220703125,33.04999923706055,32.48112106323242
16-07-2018,33.09000015258789,33.09000015258789,318300,33.709999084472656,33.66999816894531,33.090450286865234
17-07-2018,33.15999984741211,33.41999816894531,293300,33.7599983215332,33.56999969482422,32.99216842651367
18-07-2018,33.529998779296875,33.849998474121094,359300,33.869998931884766,33.619998931884766,33.04130935668945
19-07-2018,33.25,33.59000015258789,264200,33.79999923706055,33.47999954223633,32.90371322631836
20-07-2018,33.0,33.470001220703125,252200,33.529998779296875,33.439998626708984,32.86441421508789
23-07-2018,33.11000061035156,33.369998931884766,308300,33.709999084472656,33.18000030517578,32.60887908935547
24-07-2018,33.25,33.900001525878906,1619200,35.560001373291016,33.849998474121094,33.267356872558594
25-07-2018,33.849998474121094,34.029998779296875,550700,34.70000076293945,34.630001068115234,34.03392791748047
26-07-2018,34.040000915527344,34.529998779296875,313500,34.900001525878906,34.25,33.660465240478516
27-07-2018,34.18000030517578,34.18000030517578,222600,34.7400016784668,34.349998474121094,33.75874328613281
30-07-2018,34.189998626708984,34.38999938964844,145500,34.599998474121094,34.209999084472656,33.62115478515625
31-07-2018,33.93000030517578,34.150001525878906,259000,34.31999969482422,34.04999923706055,33.46391296386719
01-08-2018,34.0,34.029998779296875,226000,34.41999816894531,34.290000915527344,33.69978332519531
02-08-2018,33.880001068115234,33.91999816894531,141600,34.40999984741211,34.38999938964844,33.79805374145508
03-08-2018,33.959999084472656,34.40999984741211,160600,34.68000030517578,34.0099983215332,33.424598693847656
06-08-2018,33.65999984741211,33.93000030517578,130000,34.119998931884766,33.91999816894531,33.33613967895508
07-08-2018,33.97999954223633,34.16999816894531,219700,34.58000183105469,34.0099983215332,33.424598693847656
08-08-2018,33.97999954223633,34.08000183105469,121800,34.400001525878906,34.33000183105469,33.73908996582031
09-08-2018,34.18000030517578,34.33000183105469,114900,34.459999084472656,34.43000030517578,33.837371826171875
10-08-2018,34.0,34.20000076293945,101600,34.38999938964844,34.099998474121094,33.51305389404297
13-08-2018,33.849998474121094,34.099998474121094,179400,34.18000030517578,34.0099983215332,33.424598693847656
14-08-2018,34.02000045776367,34.02000045776367,99800,34.4900016784668,34.29999923706055,33.7096061706543
15-08-2018,33.7599983215332,34.25,121000,34.36000061035156,33.83000183105469,33.24769592285156
16-08-2018,33.95000076293945,34.0,221100,34.369998931884766,34.2400016784668,33.650630950927734
17-08-2018,33.86000061035156,34.220001220703125,104000,34.22999954223633,33.900001525878906,33.316497802734375
20-08-2018,33.529998779296875,33.86000061035156,109100,33.9900016784668,33.619998931884766,33.04130935668945
21-08-2018,33.599998474121094,33.599998474121094,182200,34.220001220703125,33.869998931884766,33.28700637817383
22-08-2018,33.31999969482422,33.869998931884766,145100,33.869998931884766,33.68000030517578,33.10028076171875
23-08-2018,33.459999084472656,33.599998474121094,143800,33.86000061035156,33.84000015258789,33.25751876831055
24-08-2018,33.59000015258789,33.900001525878906,84700,33.900001525878906,33.66999816894531,33.090450286865234
27-08-2018,33.61000061035156,33.720001220703125,135000,33.95000076293945,33.75,33.16907501220703
28-08-2018,33.130001068115234,33.7599983215332,87400,33.7599983215332,33.209999084472656,32.638370513916016
29-08-2018,32.84000015258789,33.2599983215332,130800,33.310001373291016,33.279998779296875,32.70716094970703
30-08-2018,32.869998931884766,33.16999816894531,120800,33.16999816894531,32.97999954223633,32.412322998046875
31-08-2018,32.720001220703125,32.9900016784668,137300,33.06999969482422,33.04999923706055,32.48112106323242
04-09-2018,32.88999938964844,33.04999923706055,128600,33.56999969482422,33.4900016784668,32.91354751586914
05-09-2018,33.45000076293945,33.5099983215332,154700,33.79999923706055,33.630001068115234,33.05113983154297
06-09-2018,33.34000015258789,33.650001525878906,146000,33.86000061035156,33.369998931884766,32.79560852050781
07-09-2018,32.90999984741211,33.459999084472656,90800,33.459999084472656,33.040000915527344,32.47129821777344
10-09-2018,32.41999816894531,33.13999938964844,155900,33.13999938964844,32.540000915527344,31.979896545410156
11-09-2018,32.41999816894531,32.58000183105469,63800,32.810001373291016,32.630001068115234,32.068359375
12-09-2018,31.969999313354492,32.59000015258789,147000,32.59000015258789,32.0099983215332,31.459022521972656
13-09-2018,31.68000030517578,31.969999313354492,143400,32.15999984741211,31.700000762939453,31.15435791015625
14-09-2018,30.950000762939453,31.68000030517578,235200,31.850000381469727,31.030000686645508,30.495895385742188
17-09-2018,30.81999969482422,31.110000610351562,212300,31.3799991607666,31.149999618530273,30.613826751708984
18-09-2018,31.079999923706055,31.079999923706055,289700,31.420000076293945,31.399999618530273,30.859525680541992
19-09-2018,31.440000534057617,31.459999084472656,199700,31.90999984741211,31.850000381469727,31.301776885986328
20-09-2018,32.0099983215332,32.0099983215332,214200,32.52000045776367,32.439998626708984,31.881616592407227
21-09-2018,32.099998474121094,32.470001220703125,296600,32.68000030517578,32.150001525878906,31.59661293029785
24-09-2018,31.100000381469727,32.119998931884766,145300,32.119998931884766,31.309999465942383,30.771068572998047
25-09-2018,31.110000610351562,31.309999465942383,236600,31.469999313354492,31.190000534057617,30.65313720703125
26-09-2018,31.200000762939453,31.450000762939453,273500,31.770000457763672,31.450000762939453,30.908660888671875
27-09-2018,31.3799991607666,31.59000015258789,264300,31.829999923706055,31.40999984741211,30.869354248046875
28-09-2018,31.31999969482422,31.450000762939453,270900,31.700000762939453,31.469999313354492,30.928316116333008
01-10-2018,30.940000534057617,31.5,250900,31.760000228881836,31.1200008392334,30.584341049194336
02-10-2018,30.8799991607666,31.170000076293945,160100,31.350000381469727,30.959999084472656,30.427093505859375
03-10-2018,31.079999923706055,31.079999923706055,126600,31.479999542236328,31.280000686645508,30.74158477783203
04-10-2018,30.010000228881836,30.979999542236328,374800,31.299999237060547,30.68000030517578,30.15191078186035
05-10-2018,29.790000915527344,30.700000762939453,176500,30.700000762939453,30.06999969482422,29.55241584777832
08-10-2018,29.709999084472656,30.010000228881836,96700,30.420000076293945,30.3700008392334,29.847253799438477
09-10-2018,30.040000915527344,30.200000762939453,189800,30.399999618530273,30.350000381469727,29.827594757080078
10-10-2018,30.09000015258789,30.31999969482422,258300,30.56999969482422,30.219999313354492,29.6998348236084
11-10-2018,28.649999618530273,30.059999465942383,337100,30.270000457763672,28.700000762939453,28.205997467041016
12-10-2018,28.18000030517578,28.979999542236328,781600,29.290000915527344,28.520000457763672,28.029094696044922
15-10-2018,28.520000457763672,28.520000457763672,413400,29.649999618530273,29.280000686645508,28.776016235351562
16-10-2018,28.950000762939453,29.420000076293945,195000,29.559999465942383,29.540000915527344,29.031538009643555
17-10-2018,29.270000457763672,29.440000534057617,188800,30.110000610351562,29.6200008392334,29.110164642333984
18-10-2018,29.09000015258789,29.56999969482422,219100,29.579999923706055,29.229999542236328,28.72687339782715
19-10-2018,30.229999542236328,31.40999984741211,2422000,31.440000534057617,30.719999313354492,30.191226959228516
22-10-2018,29.450000762939453,30.6200008392334,6884600,30.950000762939453,30.139999389648438,29.6212100982666
23-10-2018,28.940000534057617,29.290000915527344,1446100,30.170000076293945,29.799999237060547,29.287063598632812
24-10-2018,28.510000228881836,29.559999465942383,1183600,29.559999465942383,28.6200008392334,28.12737464904785
25-10-2018,28.799999237060547,28.860000610351562,428200,30.110000610351562,29.8799991607666,29.365686416625977
26-10-2018,29.09000015258789,29.68000030517578,450300,29.8799991607666,29.329999923706055,28.825149536132812
29-10-2018,29.6200008392334,29.6299991607666,416000,30.93000030517578,30.56999969482422,30.04380989074707
30-10-2018,30.110000610351562,30.579999923706055,442200,30.90999984741211,30.8799991607666,30.348474502563477
31-10-2018,30.790000915527344,31.030000686645508,366300,31.34000015258789,30.790000915527344,30.260019302368164
01-11-2018,30.760000228881836,30.920000076293945,301900,31.350000381469727,31.09000015258789,30.55486297607422
02-11-2018,31.020000457763672,31.290000915527344,364300,31.489999771118164,31.25,30.71210479736328
05-11-2018,31.049999237060547,31.299999237060547,300500,31.520000457763672,31.3700008392334,30.830039978027344
06-11-2018,30.889999389648438,31.389999389648438,392600,31.610000610351562,31.610000610351562,31.06591033935547
07-11-2018,30.989999771118164,31.6299991607666,201300,31.889999389648438,31.59000015258789,31.046255111694336
08-11-2018,31.219999313354492,31.56999969482422,226100,32.220001220703125,32.189998626708984,31.635923385620117
09-11-2018,31.799999237060547,32.130001068115234,334000,32.43000030517578,32.02000045776367,31.46885108947754
12-11-2018,31.68000030517578,32.02000045776367,305600,32.25,31.8799991607666,31.331256866455078
13-11-2018,31.610000610351562,31.989999771118164,319300,32.36000061035156,31.6299991607666,31.08556365966797
14-11-2018,30.809999465942383,31.850000381469727,227800,31.940000534057617,31.209999084472656,30.672794342041016
15-11-2018,30.68000030517578,31.020000457763672,299200,31.450000762939453,31.440000534057617,30.898834228515625
16-11-2018,31.170000076293945,31.209999084472656,697500,31.639999389648438,31.399999618530273,30.859525680541992
19-11-2018,31.200000762939453,31.31999969482422,295400,31.799999237060547,31.360000610351562,30.820213317871094
20-11-2018,30.610000610351562,31.200000762939453,262900,31.31999969482422,30.950000762939453,30.417272567749023
21-11-2018,30.760000228881836,31.0,172600,31.450000762939453,31.139999389648438,30.604000091552734
23-11-2018,30.989999771118164,30.989999771118164,41700,31.520000457763672,31.260000228881836,30.721933364868164
26-11-2018,31.450000762939453,31.56999969482422,162500,32.119998931884766,31.709999084472656,31.164186477661133
27-11-2018,31.299999237060547,31.559999465942383,219800,32.08000183105469,31.399999618530273,30.859525680541992
28-11-2018,30.920000076293945,31.479999542236328,203700,32.040000915527344,32.029998779296875,31.47867774963379
29-11-2018,31.6200008392334,31.729999542236328,174800,32.45000076293945,32.27000045776367,31.714550018310547
30-11-2018,32.119998931884766,32.119998931884766,216800,32.5,32.45000076293945,31.891447067260742
03-12-2018,31.68000030517578,32.5,156200,32.65999984741211,32.2599983215332,31.7047176361084
04-12-2018,30.75,32.119998931884766,257900,32.16999816894531,30.899999618530273,30.368125915527344
06-12-2018,29.8799991607666,30.399999618530273,314800,30.540000915527344,30.530000686645508,30.004497528076172
07-12-2018,29.719999313354492,30.239999771118164,332000,30.540000915527344,30.149999618530273,29.63103675842285
10-12-2018,28.90999984741211,30.06999969482422,303100,30.1200008392334,29.040000915527344,28.540143966674805
11-12-2018,28.280000686645508,29.25,222400,29.25,28.299999237060547,27.812881469726562
12-12-2018,28.280000686645508,28.450000762939453,316700,28.799999237060547,28.31999969482422,27.832538604736328
13-12-2018,27.68000030517578,28.350000381469727,475200,28.399999618530273,28.030000686645508,27.547531127929688
14-12-2018,27.389999389648438,27.670000076293945,482700,28.020000457763672,27.420000076293945,26.948026657104492
17-12-2018,26.93000030517578,27.399999618530273,297300,27.700000762939453,27.0,26.535263061523438
18-12-2018,26.940000534057617,27.18000030517578,293600,27.6200008392334,27.200000762939453,26.7318172454834
19-12-2018,26.190000534057617,27.209999084472656,436400,27.350000381469727,26.290000915527344,25.837480545043945
20-12-2018,26.100000381469727,26.149999618530273,237800,26.700000762939453,26.149999618530273,25.699888229370117
21-12-2018,25.440000534057617,26.06999969482422,977900,26.239999771118164,25.690000534057617,25.247804641723633
24-12-2018,25.440000534057617,25.469999313354492,98100,25.969999313354492,25.59000015258789,25.14952850341797
26-12-2018,25.299999237060547,25.530000686645508,171100,26.520000457763672,26.469999313354492,26.014381408691406
27-12-2018,25.479999542236328,26.0,238400,26.290000915527344,26.260000228881836,25.807994842529297
28-12-2018,26.18000030517578,26.25,429900,26.610000610351562,26.469999313354492,26.014381408691406
31-12-2018,25.6200008392334,26.469999313354492,361900,26.739999771118164,26.399999618530273,25.945585250854492
02-01-2019,25.8799991607666,25.93000030517578,268600,27.079999923706055,26.850000381469727,26.387842178344727
03-01-2019,26.719999313354492,26.719999313354492,194500,27.719999313354492,27.149999618530273,26.68267822265625
04-01-2019,27.40999984741211,27.610000610351562,176500,28.239999771118164,27.989999771118164,27.50821876525879
07-01-2019,27.690000534057617,27.739999771118164,172500,28.510000228881836,28.110000610351562,27.62615203857422
08-01-2019,28.020000457763672,28.559999465942383,246000,29.079999923706055,28.959999084472656,28.461523056030273
09-01-2019,28.979999542236328,29.030000686645508,394800,29.56999969482422,29.309999465942383,28.805498123168945
10-01-2019,29.030000686645508,29.139999389648438,176500,29.549999237060547,29.170000076293945,28.667905807495117
11-01-2019,27.780000686645508,28.329999923706055,455700,28.940000534057617,28.829999923706055,28.333759307861328
14-01-2019,28.43000030517578,28.559999465942383,238300,29.610000610351562,29.43000030517578,28.923431396484375
15-01-2019,28.34000015258789,29.479999542236328,423900,29.610000610351562,28.559999465942383,28.068405151367188
16-01-2019,28.350000381469727,28.719999313354492,490800,28.75,28.549999237060547,28.058578491210938
17-01-2019,28.489999771118164,28.489999771118164,760500,29.579999923706055,29.280000686645508,28.776016235351562
18-01-2019,29.209999084472656,29.43000030517578,709000,30.0,29.979999542236328,29.463964462280273
22-01-2019,29.40999984741211,30.010000228881836,751400,31.809999465942383,31.100000381469727,30.564685821533203
23-01-2019,30.510000228881836,30.989999771118164,417700,31.610000610351562,30.93000030517578,30.397613525390625
24-01-2019,29.8700008392334,30.719999313354492,282400,31.100000381469727,30.149999618530273,29.63103675842285
25-01-2019,30.030000686645508,30.229999542236328,335600,30.450000762939453,30.079999923706055,29.562240600585938
28-01-2019,29.81999969482422,29.81999969482422,221100,30.520000457763672,30.239999771118164,29.719486236572266
29-01-2019,30.100000381469727,30.18000030517578,162400,30.389999389648438,30.270000457763672,29.748973846435547
30-01-2019,29.920000076293945,30.270000457763672,223600,30.6200008392334,30.469999313354492,29.945528030395508
31-01-2019,30.56999969482422,31.100000381469727,621500,31.31999969482422,30.850000381469727,30.31899070739746
01-02-2019,30.950000762939453,31.010000228881836,2280700,32.34000015258789,32.02000045776367,31.46885108947754
04-02-2019,31.829999923706055,32.04999923706055,622400,32.5,32.09000015258789,31.53764533996582
05-02-2019,32.0099983215332,32.0099983215332,346000,32.459999084472656,32.34000015258789,31.783342361450195
06-02-2019,32.040000915527344,32.33000183105469,411400,32.52000045776367,32.34000015258789,31.783342361450195
07-02-2019,32.029998779296875,32.38999938964844,278300,32.70000076293945,32.369998931884766,31.812816619873047
08-02-2019,31.6200008392334,32.029998779296875,201000,32.41999816894531,31.700000762939453,31.15435791015625
11-02-2019,31.59000015258789,31.59000015258789,192600,32.099998474121094,32.02000045776367,31.46885108947754
12-02-2019,32.09000015258789,32.189998626708984,580100,32.52000045776367,32.09000015258789,31.53764533996582
13-02-2019,31.899999618530273,31.950000762939453,396400,32.36000061035156,31.989999771118164,31.439367294311523
14-02-2019,31.639999389648438,31.649999618530273,532000,32.150001525878906,31.829999923706055,31.282119750976562
15-02-2019,31.899999618530273,32.13999938964844,617700,32.84000015258789,32.4900016784668,31.930767059326172
19-02-2019,32.22999954223633,32.27000045776367,229700,32.61000061035156,32.40999984741211,31.852140426635742
20-02-2019,32.150001525878906,32.52000045776367,255100,32.619998931884766,32.54999923706055,31.98973274230957
21-02-2019,32.290000915527344,32.290000915527344,194500,32.86000061035156,32.560001373291016,31.99955177307129
22-02-2019,32.43000030517578,32.599998474121094,204200,32.810001373291016,32.720001220703125,32.156803131103516
25-02-2019,32.65999984741211,32.880001068115234,299800,33.130001068115234,32.68000030517578,32.117488861083984
26-02-2019,32.38999938964844,32.56999969482422,501100,32.900001525878906,32.439998626708984,31.881616592407227
27-02-2019,32.36000061035156,32.439998626708984,164800,32.86000061035156,32.619998931884766,32.05852127075195
28-02-2019,32.4900016784668,32.5099983215332,189500,32.7599983215332,32.65999984741211,32.137237548828125
01-03-2019,32.41999816894531,32.86000061035156,320800,33.029998779296875,32.56999969482422,32.04868698120117
04-03-2019,32.599998474121094,32.599998474121094,298000,33.2599983215332,32.849998474121094,32.32420349121094
05-03-2019,32.36000061035156,32.810001373291016,189300,32.939998626708984,32.869998931884766,32.34387969970703
06-03-2019,32.27000045776367,32.7599983215332,334600,33.0099983215332,32.5,31.979801177978516
07-03-2019,32.0,32.27000045776367,450900,32.61000061035156,32.220001220703125,31.704288482666016
08-03-2019,32.099998474121094,32.11000061035156,137500,32.599998474121094,32.439998626708984,31.920761108398438
11-03-2019,32.22999954223633,32.4900016784668,241400,32.61000061035156,32.599998474121094,32.07820510864258
12-03-2019,32.209999084472656,32.650001525878906,223100,32.810001373291016,32.380001068115234,31.861730575561523
13-03-2019,32.33000183105469,32.529998779296875,430200,32.790000915527344,32.40999984741211,31.891246795654297
14-03-2019,32.38999938964844,32.540000915527344,95700,32.7400016784668,32.5,31.979801177978516
15-03-2019,32.34000015258789,32.540000915527344,347200,32.81999969482422,32.40999984741211,31.891246795654297
18-03-2019,32.52000045776367,32.560001373291016,147100,32.880001068115234,32.7400016784668,32.21596908569336
19-03-2019,32.130001068115234,32.810001373291016,259700,32.93000030517578,32.349998474121094,31.83220863342285
20-03-2019,31.75,32.349998474121094,289300,32.38999938964844,31.75,31.24180793762207
21-03-2019,31.270000457763672,31.6200008392334,314800,32.0,31.600000381469727,31.094207763671875
22-03-2019,30.6200008392334,31.329999923706055,465100,31.59000015258789,31.149999618530273,30.651411056518555
25-03-2019,31.040000915527344,31.040000915527344,357900,31.790000915527344,31.549999237060547,31.045007705688477
26-03-2019,31.780000686645508,31.860000610351562,294200,32.36000061035156,32.34000015258789,31.822364807128906
27-03-2019,32.27000045776367,32.27000045776367,301400,32.77000045776367,32.650001525878906,32.12740707397461
28-03-2019,32.77000045776367,32.77000045776367,233900,33.2400016784668,33.22999954223633,32.698116302490234
29-03-2019,32.619998931884766,33.4900016784668,361100,33.52000045776367,32.91999816894531,32.3930778503418
01-04-2019,33.04999923706055,33.119998931884766,297600,33.66999816894531,33.400001525878906,32.86539840698242
02-04-2019,33.22999954223633,33.40999984741211,435700,33.79999923706055,33.529998779296875,32.99332046508789
03-04-2019,33.47999954223633,33.79999923706055,346500,34.0,33.599998474121094,33.06219482421875
04-04-2019,33.709999084472656,33.81999969482422,158000,34.27000045776367,33.970001220703125,33.42627716064453
05-04-2019,33.90999984741211,34.130001068115234,249500,34.470001220703125,34.36000061035156,33.810035705566406
08-04-2019,34.189998626708984,34.20000076293945,200300,34.529998779296875,34.47999954223633,33.92810821533203
09-04-2019,34.09000015258789,34.279998779296875,180000,34.61000061035156,34.189998626708984,33.64275360107422
10-04-2019,34.290000915527344,34.45000076293945,392100,34.86000061035156,34.849998474121094,34.29219436645508
11-04-2019,34.849998474121094,34.90999984741211,229200,35.36000061035156,35.150001525878906,34.5873908996582
12-04-2019,34.93000030517578,35.47999954223633,224200,35.790000915527344,35.189998626708984,34.62675094604492
15-04-2019,35.11000061035156,35.11000061035156,555800,35.709999084472656,35.70000076293945,35.12858581542969
16-04-2019,35.45000076293945,35.7400016784668,607300,36.029998779296875,35.79999923706055,35.22697448730469
17-04-2019,35.5,36.029998779296875,279000,36.099998474121094,35.599998474121094,35.03018569946289
18-04-2019,35.220001220703125,35.470001220703125,212700,35.619998931884766,35.400001525878906,34.83338928222656
22-04-2019,35.33000183105469,35.439998626708984,401200,35.91999816894531,35.869998931884766,35.29586410522461
23-04-2019,34.63999938964844,35.310001373291016,464500,35.83000183105469,35.08000183105469,34.518516540527344
24-04-2019,34.68000030517578,34.83000183105469,410400,35.77000045776367,35.369998931884766,34.80386734008789
25-04-2019,34.599998474121094,34.97999954223633,446400,35.2599983215332,34.880001068115234,34.32171630859375
26-04-2019,34.630001068115234,34.86000061035156,271900,35.15999984741211,35.15999984741211,34.597225189208984
29-04-2019,35.06999969482422,35.150001525878906,217300,35.59000015258789,35.27000045776367,34.70546340942383
30-04-2019,35.27000045776367,35.45000076293945,401700,35.869998931884766,35.75,35.17778396606445
01-05-2019,35.20000076293945,35.70000076293945,523500,36.15999984741211,35.369998931884766,34.80386734008789
02-05-2019,34.970001220703125,35.369998931884766,196900,35.81999969482422,35.38999938964844,34.82354736328125
03-05-2019,35.400001525878906,35.400001525878906,188400,35.79999923706055,35.54999923706055,34.980987548828125
06-05-2019,35.189998626708984,35.2400016784668,165900,35.900001525878906,35.709999084472656,35.13842010498047
07-05-2019,34.95000076293945,35.459999084472656,231300,35.630001068115234,35.099998474121094,34.538185119628906
08-05-2019,34.689998626708984,35.130001068115234,162500,35.2599983215332,34.7400016784668,34.18395233154297
09-05-2019,34.2599983215332,34.4900016784668,157200,34.93000030517578,34.650001525878906,34.09538650512695
10-05-2019,34.29999923706055,34.52000045776367,155500,34.93000030517578,34.7400016784668,34.18395233154297
13-05-2019,31.489999771118164,33.75,1396700,33.970001220703125,31.93000030517578,31.418926239013672
14-05-2019,31.90999984741211,31.989999771118164,399500,32.939998626708984,32.56999969482422,32.04868698120117
15-05-2019,32.029998779296875,32.220001220703125,205700,32.529998779296875,32.43000030517578,31.91092300415039
16-05-2019,32.029998779296875,32.400001525878906,187400,32.5,32.13999938964844,31.625566482543945
17-05-2019,31.75,31.959999084472656,216500,32.33000183105469,31.81999969482422,31.31068992614746
20-05-2019,31.6200008392334,31.829999923706055,391500,32.400001525878906,32.15999984741211,31.645246505737305
21-05-2019,31.93000030517578,32.310001373291016,276100,32.630001068115234,31.950000762939453,31.438608169555664
22-05-2019,31.6200008392334,31.850000381469727,112800,32.119998931884766,31.709999084472656,31.202449798583984
23-05-2019,30.670000076293945,31.399999618530273,186400,31.450000762939453,31.049999237060547,30.553010940551758
24-05-2019,31.139999389648438,31.219999313354492,119000,31.510000228881836,31.40999984741211,30.90725326538086
28-05-2019,31.020000457763672,31.360000610351562,236600,31.5,31.110000610351562,30.612051010131836
29-05-2019,30.90999984741211,30.989999771118164,278600,31.979999542236328,31.950000762939453,31.438608169555664
30-05-2019,31.18000030517578,31.969999313354492,239600,32.22999954223633,31.3700008392334,30.86789321899414
31-05-2019,30.920000076293945,30.959999084472656,195300,31.479999542236328,31.479999542236328,31.01567840576172
03-06-2019,31.209999084472656,31.329999923706055,228100,31.8700008392334,31.59000015258789,31.124059677124023
04-06-2019,31.760000228881836,31.940000534057617,187200,32.45000076293945,32.45000076293945,31.97136878967285
05-06-2019,31.729999542236328,32.380001068115234,207800,32.40999984741211,31.899999618530273,31.429485321044922
06-06-2019,31.360000610351562,31.899999618530273,144200,32.040000915527344,31.719999313354492,31.252138137817383
07-06-2019,31.469999313354492,32.0,249700,32.040000915527344,31.6200008392334,31.153614044189453
10-06-2019,31.59000015258789,31.770000457763672,250100,32.16999816894531,31.790000915527344,31.321109771728516
11-06-2019,31.8700008392334,32.0099983215332,104400,32.34000015258789,31.959999084472656,31.488597869873047
12-06-2019,31.5,31.860000610351562,140300,32.0,31.809999465942383,31.340808868408203
13-06-2019,31.530000686645508,31.940000534057617,216900,32.029998779296875,31.59000015258789,31.124059677124023
14-06-2019,31.15999984741211,31.670000076293945,241800,31.690000534057617,31.510000228881836,31.04524040222168
17-06-2019,31.43000030517578,31.549999237060547,189700,32.040000915527344,31.809999465942383,31.340808868408203
18-06-2019,31.899999618530273,32.0,153900,32.52000045776367,32.13999938964844,31.665945053100586
19-06-2019,32.2599983215332,32.439998626708984,247600,32.720001220703125,32.349998474121094,31.872848510742188
20-06-2019,32.25,32.560001373291016,257600,32.7400016784668,32.470001220703125,31.991077423095703
21-06-2019,32.08000183105469,32.380001068115234,318500,32.5099983215332,32.08000183105469,31.606828689575195
24-06-2019,31.809999465942383,32.08000183105469,236900,32.33000183105469,31.8799991607666,31.409778594970703
25-06-2019,31.389999389648438,31.790000915527344,211300,31.989999771118164,31.68000030517578,31.212730407714844
26-06-2019,31.68000030517578,31.729999542236328,146500,32.0099983215332,31.75,31.281696319580078
27-06-2019,31.790000915527344,31.790000915527344,163700,32.40999984741211,32.29999923706055,31.82358169555664
28-06-2019,32.41999816894531,32.41999816894531,387600,33.22999954223633,33.13999938964844,32.65119934082031
01-07-2019,33.040000915527344,33.43000030517578,246800,33.790000915527344,33.33000183105469,32.83839416503906
02-07-2019,33.029998779296875,33.310001373291016,225500,33.599998474121094,33.369998931884766,32.87779998779297
03-07-2019,33.189998626708984,33.540000915527344,97600,33.709999084472656,33.290000915527344,32.79898452758789
05-07-2019,33.15999984741211,33.33000183105469,140200,33.779998779296875,33.61000061035156,33.114261627197266
08-07-2019,33.31999969482422,33.5,172500,33.790000915527344,33.369998931884766,32.87779998779297
09-07-2019,33.09000015258789,33.29999923706055,182400,33.45000076293945,33.380001068115234,32.887657165527344
10-07-2019,33.04999923706055,33.45000076293945,131200,33.560001373291016,33.119998931884766,32.631492614746094
11-07-2019,32.66999816894531,33.130001068115234,255900,33.52000045776367,33.29999923706055,32.808834075927734
12-07-2019,33.16999816894531,33.290000915527344,152500,33.63999938964844,33.52000045776367,33.02558517456055
15-07-2019,32.7400016784668,33.5,155700,33.5,32.880001068115234,32.39502716064453
16-07-2019,32.470001220703125,32.7400016784668,129700,32.86000061035156,32.599998474121094,32.11915969848633
17-07-2019,32.060001373291016,32.43000030517578,143200,32.650001525878906,32.5,32.020633697509766
18-07-2019,32.439998626708984,32.439998626708984,107800,33.150001525878906,33.040000915527344,32.55267333984375
19-07-2019,32.630001068115234,32.93000030517578,186500,33.2599983215332,33.15999984741211,32.670902252197266
22-07-2019,33.0,33.310001373291016,213500,33.36000061035156,33.16999816894531,32.68075180053711
23-07-2019,33.599998474121094,34.470001220703125,460500,34.59000015258789,34.349998474121094,33.84333801269531
24-07-2019,34.25,34.25,305000,34.869998931884766,34.75,34.23744583129883
25-07-2019,34.09000015258789,34.09000015258789,347900,35.2400016784668,34.209999084472656,33.705413818359375
26-07-2019,34.290000915527344,34.369998931884766,210400,34.869998931884766,34.83000183105469,34.31627655029297
29-07-2019,34.459999084472656,34.83000183105469,241400,35.06999969482422,34.88999938964844,34.3753776550293
30-07-2019,34.619998931884766,34.720001220703125,197400,35.06999969482422,35.06999969482422,34.55272674560547
31-07-2019,34.470001220703125,35.040000915527344,296100,35.279998779296875,34.47999954223633,33.9714241027832
01-08-2019,33.380001068115234,34.47999954223633,256500,34.689998626708984,33.7599983215332,33.262054443359375
02-08-2019,33.209999084472656,33.59000015258789,164100,33.849998474121094,33.58000183105469,33.0847053527832
05-08-2019,32.34000015258789,33.060001373291016,172800,33.08000183105469,32.79999923706055,32.31621170043945
06-08-2019,32.4900016784668,32.970001220703125,203700,33.2400016784668,33.040000915527344,32.55267333984375
07-08-2019,32.349998474121094,32.58000183105469,266700,33.38999938964844,33.189998626708984,32.700462341308594
08-08-2019,33.369998931884766,33.38999938964844,124800,34.04999923706055,33.90999984741211,33.40983963012695
09-08-2019,33.560001373291016,33.79999923706055,102000,33.97999954223633,33.77000045776367,33.27190017700195
12-08-2019,33.59000015258789,33.75,132500,34.060001373291016,34.0099983215332,33.50836181640625
13-08-2019,33.52000045776367,33.849998474121094,612400,34.869998931884766,34.25,33.74481964111328
14-08-2019,33.54999923706055,33.84000015258789,366200,34.2599983215332,34.18000030517578,33.67584991455078
15-08-2019,34.20000076293945,34.22999954223633,460200,35.2599983215332,35.0,34.48375701904297
16-08-2019,35.18000030517578,35.189998626708984,199100,35.939998626708984,35.689998626708984,35.16358947753906
19-08-2019,34.20000076293945,36.02000045776367,198100,36.43000030517578,36.13999938964844,35.6069450378418
20-08-2019,35.61000061035156,36.04999923706055,100100,36.06999969482422,35.70000076293945,35.173439025878906
21-08-2019,35.27000045776367,35.790000915527344,143900,36.04999923706055,35.66999816894531,35.14387893676758
22-08-2019,35.66999816894531,35.849998474121094,142100,36.22999954223633,36.040000915527344,35.508419036865234
23-08-2019,35.310001373291016,35.90999984741211,199200,36.290000915527344,35.43000030517578,34.907413482666016
26-08-2019,35.220001220703125,35.380001068115234,493700,36.130001068115234,35.849998474121094,35.32122039794922
27-08-2019,35.130001068115234,35.83000183105469,247600,35.91999816894531,35.189998626708984,34.67095947265625
28-08-2019,35.0099983215332,35.09000015258789,215800,35.779998779296875,35.63999938964844,35.114322662353516
29-08-2019,35.86000061035156,35.86000061035156,265900,36.41999816894531,36.18000030517578,35.6463508605957
30-08-2019,35.939998626708984,36.369998931884766,163600,36.59000015258789,36.349998474121094,35.85348892211914
03-09-2019,35.77000045776367,36.08000183105469,295200,36.380001068115234,36.150001525878906,35.65622329711914
04-09-2019,35.81999969482422,36.52000045776367,148300,36.52000045776367,36.189998626708984,35.6956672668457
05-09-2019,36.47999954223633,36.66999816894531,205900,37.29999923706055,36.650001525878906,36.149391174316406
06-09-2019,36.34000015258789,36.689998626708984,273900,37.02000045776367,36.619998931884766,36.11979675292969
09-09-2019,36.41999816894531,36.790000915527344,298200,36.93000030517578,36.869998931884766,36.36638259887695
10-09-2019,36.33000183105469,36.939998626708984,225900,37.0,36.689998626708984,36.1888427734375
11-09-2019,36.29999923706055,36.90999984741211,185200,37.09000015258789,37.09000015258789,36.5833740234375
12-09-2019,36.72999954223633,36.90999984741211,300400,37.310001373291016,37.06999969482422,36.56365203857422
13-09-2019,36.91999816894531,37.290000915527344,285900,37.849998474121094,36.97999954223633,36.47488021850586
16-09-2019,36.709999084472656,36.709999084472656,222000,37.5,37.15999984741211,36.65242385864258
17-09-2019,36.63999938964844,37.02000045776367,167400,37.470001220703125,37.38999938964844,36.87928771972656
18-09-2019,36.790000915527344,36.790000915527344,149000,37.38999938964844,37.279998779296875,36.77078628540039
19-09-2019,37.2400016784668,37.2400016784668,245300,37.97999954223633,37.34000015258789,36.82997131347656
20-09-2019,37.279998779296875,37.400001525878906,551800,37.849998474121094,37.34000015258789,36.82997131347656
23-09-2019,37.119998931884766,37.22999954223633,201500,37.810001373291016,37.400001525878906,36.8891487121582
24-09-2019,37.189998626708984,37.58000183105469,302600,37.72999954223633,37.529998779296875,37.017372131347656
25-09-2019,37.38999938964844,37.560001373291016,318600,38.130001068115234,38.04999923706055,37.53026580810547
26-09-2019,37.459999084472656,38.02000045776367,146300,38.08000183105469,37.650001525878906,37.1357307434082
27-09-2019,37.310001373291016,37.779998779296875,149100,38.15999984741211,37.59000015258789,37.07654571533203
30-09-2019,36.959999084472656,37.630001068115234,220000,37.7599983215332,37.349998474121094,36.83982849121094
01-10-2019,36.540000915527344,37.56999969482422,176200,37.84000015258789,36.720001220703125,36.21843338012695
02-10-2019,36.459999084472656,36.52000045776367,203900,37.11000061035156,37.06999969482422,36.56365203857422
03-10-2019,36.7599983215332,37.0099983215332,196100,37.33000183105469,37.150001525878906,36.64255905151367
04-10-2019,37.20000076293945,37.25,132700,37.93000030517578,37.88999938964844,37.37245178222656
07-10-2019,37.40999984741211,37.65999984741211,256100,38.099998474121094,37.970001220703125,37.451358795166016
08-10-2019,37.41999816894531,37.68000030517578,174900,37.95000076293945,37.869998931884766,37.352725982666016
09-10-2019,37.45000076293945,38.06999969482422,224800,38.119998931884766,37.7400016784668,37.2244987487793
10-10-2019,37.63999938964844,37.869998931884766,355600,38.43000030517578,37.959999084472656,37.441497802734375
11-10-2019,38.36000061035156,38.54999923706055,288300,38.689998626708984,38.400001525878906,37.875484466552734
14-10-2019,38.06999969482422,38.13999938964844,205400,38.400001525878906,38.27000045776367,37.74726104736328
15-10-2019,38.18000030517578,38.31999969482422,210200,39.15999984741211,38.66999816894531,38.14179992675781
16-10-2019,38.0099983215332,38.59000015258789,327400,38.59000015258789,38.13999938964844,37.61903762817383
17-10-2019,38.279998779296875,38.279998779296875,309400,38.88999938964844,38.720001220703125,38.19111633300781
18-10-2019,38.209999084472656,38.4900016784668,269200,38.72999954223633,38.34000015258789,37.81630325317383
21-10-2019,38.439998626708984,38.5,381900,39.0099983215332,38.7599983215332,38.230560302734375
22-10-2019,36.68000030517578,39.4900016784668,676800,40.0,36.779998779296875,36.277610778808594
23-10-2019,36.66999816894531,36.84000015258789,498500,37.59000015258789,37.349998474121094,36.83982849121094
24-10-2019,36.790000915527344,37.61000061035156,424300,37.70000076293945,37.59000015258789,37.07654571533203
25-10-2019,37.38999938964844,37.599998474121094,375100,37.959999084472656,37.540000915527344,37.0272331237793
28-10-2019,37.54999923706055,37.779998779296875,232800,38.09000015258789,37.599998474121094,37.08641052246094
29-10-2019,37.54999923706055,37.630001068115234,310900,37.869998931884766,37.65999984741211,37.14559555053711
30-10-2019,35.5,36.060001373291016,4925900,36.369998931884766,36.22999954223633,35.73513412475586
31-10-2019,35.68000030517578,36.2599983215332,898000,36.369998931884766,36.34000015258789,35.843624114990234
01-11-2019,36.150001525878906,36.58000183105469,577400,36.79999923706055,36.34000015258789,35.843624114990234
04-11-2019,35.9900016784668,36.470001220703125,369800,36.900001525878906,36.47999954223633,35.981712341308594
05-11-2019,36.400001525878906,36.459999084472656,407500,36.86000061035156,36.68000030517578,36.17898178100586
06-11-2019,36.34000015258789,36.650001525878906,453500,36.75,36.40999984741211,35.91267013549805
07-11-2019,36.16999816894531,36.599998474121094,420300,36.619998931884766,36.41999816894531,35.922523498535156
08-11-2019,36.18000030517578,36.31999969482422,474200,36.70000076293945,36.33000183105469,35.833763122558594
11-11-2019,36.150001525878906,36.150001525878906,428200,36.77000045776367,36.459999084472656,35.96198272705078
12-11-2019,36.400001525878906,36.45000076293945,326200,36.7599983215332,36.68000030517578,36.17898178100586
13-11-2019,36.18000030517578,36.36000061035156,357200,36.81999969482422,36.630001068115234,36.129669189453125
14-11-2019,36.38999938964844,36.5,252700,36.709999084472656,36.65999984741211,36.15925598144531
15-11-2019,36.2599983215332,36.849998474121094,398300,36.900001525878906,36.349998474121094,35.85348892211914
18-11-2019,36.2599983215332,36.369998931884766,332300,36.75,36.68000030517578,36.17898178100586
19-11-2019,36.54999923706055,36.77000045776367,271500,37.0,36.630001068115234,36.129669189453125
20-11-2019,36.2599983215332,36.43000030517578,296300,36.810001373291016,36.560001373291016,36.06061935424805
21-11-2019,36.15999984741211,36.61000061035156,354500,36.61000061035156,36.380001068115234,35.883087158203125
22-11-2019,36.380001068115234,36.45000076293945,273100,36.810001373291016,36.709999084472656,36.20856857299805
25-11-2019,36.540000915527344,36.7400016784668,252600,36.970001220703125,36.56999969482422,36.07048416137695
26-11-2019,36.279998779296875,36.540000915527344,332500,36.779998779296875,36.5,36.00143814086914
27-11-2019,36.63999938964844,36.63999938964844,231200,37.400001525878906,37.310001373291016,36.80037307739258
29-11-2019,37.060001373291016,37.209999084472656,89600,37.4900016784668,37.2599983215332,36.79050064086914
02-12-2019,36.22999954223633,37.27000045776367,347300,37.45000076293945,36.33000183105469,35.87221908569336
03-12-2019,35.650001525878906,36.06999969482422,277100,36.119998931884766,35.97999954223633,35.526634216308594
04-12-2019,36.16999816894531,36.20000076293945,316600,36.779998779296875,36.61000061035156,36.1486930847168
05-12-2019,36.59000015258789,36.689998626708984,280000,37.029998779296875,36.91999816894531,36.45478439331055
06-12-2019,37.119998931884766,37.189998626708984,397500,37.439998626708984,37.20000076293945,36.731258392333984
09-12-2019,37.099998474121094,37.099998474121094,355200,37.58000183105469,37.25,36.7806282043457
10-12-2019,37.18000030517578,37.189998626708984,240400,37.54999923706055,37.349998474121094,36.879364013671875
11-12-2019,37.25,37.349998474121094,207400,37.68000030517578,37.619998931884766,37.145965576171875
12-12-2019,37.59000015258789,37.59000015258789,305200,38.220001220703125,37.849998474121094,37.37306594848633
13-12-2019,37.529998779296875,37.79999923706055,474900,38.04999923706055,37.70000076293945,37.22496032714844
16-12-2019,37.869998931884766,37.869998931884766,332300,38.380001068115234,37.970001220703125,37.49155807495117
17-12-2019,38.060001373291016,38.209999084472656,374900,38.939998626708984,38.880001068115234,38.39008331298828
18-12-2019,38.779998779296875,39.0,332300,39.13999938964844,39.08000183105469,38.58756637573242
19-12-2019,38.5,39.040000915527344,260900,39.18000030517578,38.529998779296875,38.04450225830078
20-12-2019,38.540000915527344,38.560001373291016,1749400,39.310001373291016,38.900001525878906,38.40983581542969
23-12-2019,37.72999954223633,39.0099983215332,288000,39.0099983215332,38.04999923706055,37.5705451965332
24-12-2019,37.95000076293945,38.150001525878906,85900,38.22999954223633,38.099998474121094,37.619911193847656
26-12-2019,38.04999923706055,38.150001525878906,147900,38.43000030517578,38.40999984741211,37.9260139465332
27-12-2019,38.119998931884766,38.400001525878906,162400,38.43000030517578,38.29999923706055,37.81739807128906
30-12-2019,38.11000061035156,38.400001525878906,192100,38.599998474121094,38.36000061035156,37.876644134521484
31-12-2019,38.13999938964844,38.25,215700,38.52000045776367,38.25,37.76802444458008
02-01-2020,37.650001525878906,38.290000915527344,172700,38.439998626708984,37.95000076293945,37.471805572509766
03-01-2020,37.369998931884766,37.560001373291016,245200,38.16999816894531,38.130001068115234,37.6495361328125
06-01-2020,37.77000045776367,37.91999816894531,308300,38.59000015258789,38.54999923706055,38.06424331665039
07-01-2020,38.060001373291016,38.43000030517578,326100,38.58000183105469,38.119998931884766,37.63966751098633
08-01-2020,38.27000045776367,38.279998779296875,228900,38.59000015258789,38.47999954223633,37.99512481689453
09-01-2020,38.459999084472656,38.7599983215332,230200,38.970001220703125,38.47999954223633,37.99512481689453
10-01-2020,37.90999984741211,38.540000915527344,255600,38.689998626708984,38.20000076293945,37.718658447265625
13-01-2020,37.72999954223633,38.22999954223633,327900,38.290000915527344,37.81999969482422,37.343448638916016
14-01-2020,37.40999984741211,37.75,300400,37.84000015258789,37.810001373291016,37.33357238769531
15-01-2020,37.22999954223633,37.65999984741211,211300,37.66999816894531,37.470001220703125,36.99785232543945
16-01-2020,37.529998779296875,37.599998474121094,172400,37.83000183105469,37.81999969482422,37.343448638916016
17-01-2020,37.540000915527344,38.06999969482422,242300,38.220001220703125,37.56999969482422,37.096595764160156
21-01-2020,37.31999969482422,37.56999969482422,249600,37.689998626708984,37.38999938964844,36.918861389160156
22-01-2020,37.189998626708984,37.540000915527344,161200,37.58000183105469,37.279998779296875,36.810245513916016
23-01-2020,36.689998626708984,37.099998474121094,333900,37.630001068115234,37.4900016784668,37.01760482788086
24-01-2020,36.720001220703125,37.54999923706055,247000,37.54999923706055,37.060001373291016,36.593017578125
27-01-2020,36.5099983215332,36.59000015258789,228600,37.13999938964844,37.04999923706055,36.58314514160156
28-01-2020,35.34000015258789,37.41999816894531,524500,37.779998779296875,35.599998474121094,35.15142059326172
29-01-2020,35.22999954223633,35.349998474121094,303000,35.54999923706055,35.349998474121094,34.904563903808594
30-01-2020,35.029998779296875,35.029998779296875,200800,35.869998931884766,35.81999969482422,35.368648529052734
31-01-2020,35.16999816894531,35.650001525878906,285100,35.81999969482422,35.2400016784668,34.79595184326172
03-02-2020,35.290000915527344,35.349998474121094,214800,35.88999938964844,35.4900016784668,35.042808532714844
04-02-2020,35.849998474121094,36.0,385300,36.099998474121094,35.939998626708984,35.48713302612305
05-02-2020,36.22999954223633,36.290000915527344,212700,36.77000045776367,36.54999923706055,36.08945083618164
06-02-2020,35.86000061035156,36.59000015258789,218200,36.77000045776367,35.900001525878906,35.44763946533203
07-02-2020,35.619998931884766,35.84000015258789,262600,36.11000061035156,35.7599983215332,35.30940246582031
10-02-2020,35.439998626708984,35.689998626708984,185100,36.029998779296875,35.900001525878906,35.44763946533203
11-02-2020,35.83000183105469,36.130001068115234,126300,36.38999938964844,35.91999816894531,35.46738052368164
12-02-2020,35.779998779296875,36.22999954223633,180900,36.310001373291016,35.81999969482422,35.368648529052734
13-02-2020,35.720001220703125,35.720001220703125,111700,36.380001068115234,36.34000015258789,35.88209533691406
14-02-2020,35.7599983215332,36.34000015258789,120200,36.529998779296875,35.849998474121094,35.39826583862305
18-02-2020,35.18000030517578,35.810001373291016,87000,35.95000076293945,35.529998779296875,35.082298278808594
19-02-2020,35.130001068115234,35.63999938964844,167600,35.68000030517578,35.150001525878906,34.707088470458984
20-02-2020,34.939998626708984,35.11000061035156,200600,35.43000030517578,35.31999969482422,34.87494659423828
21-02-2020,34.91999816894531,35.310001373291016,140800,35.369998931884766,35.310001373291016,34.86507034301758
24-02-2020,34.08000183105469,34.650001525878906,280100,35.0,34.4900016784668,34.05540084838867
25-02-2020,33.70000076293945,34.720001220703125,292400,34.790000915527344,34.029998779296875,33.6011962890625
26-02-2020,34.77000045776367,35.68000030517578,287900,35.68000030517578,34.810001373291016,34.371376037597656
27-02-2020,33.34000015258789,34.349998474121094,350300,34.68000030517578,33.369998931884766,32.94951629638672
28-02-2020,31.34000015258789,32.2400016784668,485700,32.77000045776367,31.8799991607666,31.525527954101562
02-03-2020,31.84000015258789,31.940000534057617,203800,33.040000915527344,33.0,32.63307189941406
03-03-2020,32.40999984741211,32.900001525878906,310800,33.400001525878906,32.939998626708984,32.5737419128418
04-03-2020,33.20000076293945,33.310001373291016,490300,35.0,34.72999954223633,34.343833923339844
05-03-2020,33.150001525878906,34.16999816894531,426600,34.540000915527344,33.86000061035156,33.48351287841797
06-03-2020,32.150001525878906,33.119998931884766,346400,33.68000030517578,32.869998931884766,32.5045166015625
09-03-2020,29.100000381469727,29.600000381469727,271500,31.469999313354492,29.93000030517578,29.597211837768555
10-03-2020,28.850000381469727,30.610000610351562,331900,31.1200008392334,30.440000534057617,30.10154151916504
11-03-2020,28.559999465942383,29.68000030517578,423100,29.8799991607666,29.0,28.67755126953125
12-03-2020,25.3799991607666,27.100000381469727,523300,27.75,25.540000915527344,25.256025314331055
13-03-2020,25.299999237060547,27.09000015258789,400600,27.8700008392334,27.729999542236328,27.42167091369629
16-03-2020,23.950000762939453,24.5,450600,25.06999969482422,24.549999237060547,24.277029037475586
17-03-2020,24.489999771118164,25.1299991607666,515300,26.690000534057617,25.889999389648438,25.60212516784668
18-03-2020,20.110000610351562,24.610000610351562,635000,25.139999389648438,20.270000457763672,20.044620513916016
19-03-2020,17.670000076293945,20.059999465942383,597500,20.56999969482422,18.139999389648438,17.93830108642578
20-03-2020,17.860000610351562,18.049999237060547,513900,20.190000534057617,18.799999237060547,18.59096336364746
23-03-2020,16.760000228881836,18.479999542236328,373800,18.5,17.15999984741211,16.969200134277344
24-03-2020,17.8700008392334,18.829999923706055,466200,18.93000030517578,18.559999465942383,18.353628158569336
25-03-2020,17.280000686645508,18.540000915527344,459300,18.68000030517578,17.559999465942383,17.364749908447266
26-03-2020,17.510000228881836,17.579999923706055,645100,21.469999313354492,20.299999237060547,20.07428550720215
27-03-2020,19.06999969482422,19.559999465942383,405700,20.760000228881836,19.950000762939453,19.728179931640625
30-03-2020,19.040000915527344,20.09000015258789,447200,20.6200008392334,20.440000534057617,20.212730407714844
31-03-2020,19.5,20.260000228881836,472300,20.65999984741211,19.829999923706055,19.60951042175293
01-04-2020,17.639999389648438,18.530000686645508,603600,19.290000915527344,17.969999313354492,17.770191192626953
02-04-2020,17.6299991607666,17.649999618530273,385400,18.610000610351562,18.219999313354492,18.017410278320312
03-04-2020,16.899999618530273,17.969999313354492,425400,18.329999923706055,17.299999237060547,17.10763931274414
06-04-2020,18.1200008392334,18.18000030517578,562700,19.950000762939453,19.389999389648438,19.17440414428711
07-04-2020,19.889999389648438,20.360000610351562,437000,22.079999923706055,20.329999923706055,20.103952407836914
08-04-2020,20.360000610351562,20.760000228881836,379500,22.190000534057617,21.809999465942383,21.567495346069336
09-04-2020,22.329999923706055,22.479999542236328,544700,23.549999237060547,23.170000076293945,22.912376403808594
13-04-2020,21.040000915527344,23.110000610351562,212700,23.110000610351562,21.3799991607666,21.142274856567383
14-04-2020,20.81999969482422,21.989999771118164,267700,22.100000381469727,21.530000686645508,21.290611267089844
15-04-2020,19.670000076293945,20.56999969482422,204400,20.899999618530273,19.719999313354492,19.500732421875
16-04-2020,18.670000076293945,19.639999389648438,303000,19.8700008392334,19.290000915527344,19.075515747070312
17-04-2020,20.100000381469727,20.100000381469727,362700,21.520000457763672,21.43000030517578,21.191722869873047
20-04-2020,20.290000915527344,20.799999237060547,390000,21.459999084472656,20.690000534057617,20.459949493408203
21-04-2020,19.989999771118164,19.989999771118164,235600,20.81999969482422,20.690000534057617,20.459949493408203
22-04-2020,20.059999465942383,21.18000030517578,297200,21.18000030517578,20.190000534057617,19.96550750732422
23-04-2020,19.90999984741211,19.90999984741211,331700,21.43000030517578,20.940000534057617,20.707172393798828
24-04-2020,20.860000610351562,20.93000030517578,214300,21.649999618530273,21.389999389648438,21.15216636657715
27-04-2020,21.530000686645508,21.6200008392334,351000,23.149999618530273,22.75,22.497047424316406
28-04-2020,21.329999923706055,23.989999771118164,1498500,25.149999618530273,24.420000076293945,24.148473739624023
29-04-2020,25.350000381469727,25.81999969482422,643500,27.700000762939453,27.239999771118164,26.937116622924805
30-04-2020,25.420000076293945,27.170000076293945,682300,27.56999969482422,25.90999984741211,25.621910095214844
01-05-2020,24.790000915527344,25.15999984741211,360600,26.09000015258789,26.059999465942383,25.770240783691406
04-05-2020,24.56999969482422,24.56999969482422,308200,26.520000457763672,26.459999084472656,26.16579246520996
05-05-2020,26.100000381469727,27.020000457763672,298200,27.950000762939453,26.209999084472656,25.918569564819336
06-05-2020,25.100000381469727,26.31999969482422,227400,26.579999923706055,25.1200008392334,24.8406925201416
07-05-2020,25.450000762939453,25.559999465942383,240400,26.40999984741211,25.68000030517578,25.394466400146484
08-05-2020,26.280000686645508,26.43000030517578,251600,27.549999237060547,27.479999542236328,27.17445182800293
11-05-2020,25.899999618530273,26.790000915527344,319800,27.299999237060547,26.010000228881836,25.72079849243164
12-05-2020,24.479999542236328,25.959999084472656,347000,26.25,24.530000686645508,24.257251739501953
13-05-2020,22.469999313354492,24.399999618530273,299700,24.420000076293945,23.18000030517578,22.922264099121094
14-05-2020,21.780000686645508,22.440000534057617,353700,24.3700008392334,24.309999465942383,24.039697647094727
15-05-2020,23.549999237060547,24.149999618530273,1106600,24.56999969482422,24.399999618530273,24.128698348999023
18-05-2020,25.65999984741211,25.84000015258789,301100,26.8799991607666,26.65999984741211,26.363571166992188
19-05-2020,25.700000762939453,26.40999984741211,376500,26.799999237060547,26.0,25.710906982421875
20-05-2020,26.110000610351562,26.68000030517578,236100,27.280000686645508,27.110000610351562,26.808565139770508
21-05-2020,26.639999389648438,27.149999618530273,244100,27.469999313354492,26.780000686645508,26.482236862182617
22-05-2020,26.1200008392334,26.959999084472656,174100,27.270000457763672,26.6200008392334,26.32401466369629
26-05-2020,27.440000534057617,28.049999237060547,281400,28.3799991607666,28.059999465942383,27.748001098632812
27-05-2020,28.280000686645508,29.260000228881836,499900,31.190000534057617,31.06999969482422,30.724533081054688
28-05-2020,29.110000610351562,31.559999465942383,558300,31.559999465942383,29.530000686645508,29.20166015625
29-05-2020,28.559999465942383,28.920000076293945,352500,29.59000015258789,29.299999237060547,29.023359298706055
01-06-2020,28.549999237060547,29.360000610351562,292200,29.760000228881836,28.56999969482422,28.300249099731445
02-06-2020,28.059999465942383,29.110000610351562,249700,29.25,28.229999542236328,27.963459014892578
03-06-2020,28.459999084472656,29.100000381469727,439700,29.559999465942383,29.040000915527344,28.765811920166016
04-06-2020,28.350000381469727,28.790000915527344,270700,30.1299991607666,29.920000076293945,29.637502670288086
05-06-2020,29.639999389648438,32.040000915527344,502800,32.099998474121094,29.719999313354492,29.43939208984375
08-06-2020,30.540000915527344,30.760000228881836,543400,31.469999313354492,31.219999313354492,30.925230026245117
09-06-2020,29.68000030517578,30.479999542236328,274600,31.559999465942383,31.229999542236328,30.935134887695312
10-06-2020,29.90999984741211,31.079999923706055,325200,31.079999923706055,30.110000610351562,29.825712203979492
11-06-2020,27.299999237060547,28.420000076293945,352400,28.510000228881836,27.520000457763672,27.260164260864258
12-06-2020,27.299999237060547,28.899999618530273,223000,29.989999771118164,28.239999771118164,27.973365783691406
15-06-2020,26.75,26.81999969482422,235800,28.540000915527344,28.43000030517578,28.16157341003418
16-06-2020,28.920000076293945,29.670000076293945,253100,30.1299991607666,29.43000030517578,29.152132034301758
17-06-2020,28.799999237060547,30.219999313354492,208700,30.219999313354492,28.959999084472656,28.686565399169922
18-06-2020,28.280000686645508,28.280000686645508,147000,29.540000915527344,28.850000381469727,28.577608108520508
19-06-2020,28.239999771118164,29.360000610351562,329500,29.360000610351562,28.639999389648438,28.369586944580078
22-06-2020,28.09000015258789,28.25,137500,29.020000457763672,28.84000015258789,28.567699432373047
23-06-2020,29.350000381469727,29.469999313354492,256600,30.229999542236328,29.5,29.22146987915039
24-06-2020,27.65999984741211,28.93000030517578,256000,29.149999618530273,27.75,27.487991333007812
25-06-2020,27.510000228881836,27.510000228881836,180300,28.6299991607666,28.530000686645508,28.260629653930664
26-06-2020,26.739999771118164,27.93000030517578,337700,27.93000030517578,26.989999771118164,26.73516845703125
29-06-2020,27.360000610351562,27.639999389648438,265500,29.15999984741211,28.459999084472656,28.191287994384766
30-06-2020,28.440000534057617,28.520000457763672,372400,29.56999969482422,29.43000030517578,29.152132034301758
01-07-2020,28.049999237060547,29.469999313354492,165000,29.700000762939453,28.25,27.983272552490234
02-07-2020,27.979999542236328,29.350000381469727,173000,29.600000381469727,28.06999969482422,27.804973602294922
06-07-2020,28.059999465942383,29.010000228881836,187300,29.34000015258789,28.1299991607666,27.864404678344727
07-07-2020,27.15999984741211,27.899999618530273,306000,28.139999389648438,27.25,26.99271011352539
08-07-2020,26.530000686645508,27.110000610351562,292600,27.899999618530273,27.360000610351562,27.101675033569336
09-07-2020,26.34000015258789,27.1299991607666,249900,27.1299991607666,26.809999465942383,26.556867599487305
10-07-2020,26.8799991607666,26.8799991607666,160400,28.010000228881836,27.969999313354492,27.705917358398438
13-07-2020,27.610000610351562,28.5,173000,28.670000076293945,27.760000228881836,27.497896194458008
14-07-2020,27.010000228881836,27.6299991607666,220700,27.850000381469727,27.270000457763672,27.012523651123047
15-07-2020,28.479999542236328,28.889999389648438,638100,29.450000762939453,28.889999389648438,28.61722755432129
16-07-2020,28.3700008392334,28.729999542236328,216300,29.059999465942383,28.6299991607666,28.35968017578125
17-07-2020,28.149999618530273,28.690000534057617,159200,28.790000915527344,28.190000534057617,27.923837661743164
20-07-2020,27.639999389648438,28.030000686645508,152700,28.270000457763672,28.049999237060547,27.78515625
21-07-2020,28.329999923706055,28.329999923706055,178700,29.219999313354492,29.079999923706055,28.805437088012695
22-07-2020,28.450000762939453,28.690000534057617,185700,29.299999237060547,29.200000762939453,28.924301147460938
23-07-2020,29.06999969482422,29.1200008392334,217200,29.75,29.3700008392334,29.092697143554688
24-07-2020,28.799999237060547,29.459999084472656,296300,29.709999084472656,29.1299991607666,28.854963302612305
27-07-2020,28.459999084472656,28.940000534057617,298800,29.15999984741211,28.81999969482422,28.547889709472656
28-07-2020,29.700000762939453,30.010000228881836,1045100,32.459999084472656,31.030000686645508,30.73702049255371
29-07-2020,30.049999237060547,30.989999771118164,439100,31.6200008392334,31.489999771118164,31.192678451538086
30-07-2020,30.31999969482422,30.799999237060547,375500,31.68000030517578,31.31999969482422,31.02428436279297
31-07-2020,30.639999389648438,31.719999313354492,234500,31.719999313354492,31.3799991607666,31.083717346191406
03-08-2020,30.84000015258789,31.440000534057617,152300,31.59000015258789,30.959999084472656,30.667682647705078
04-08-2020,30.049999237060547,30.670000076293945,322300,30.770000457763672,30.639999389648438,30.350704193115234
05-08-2020,30.690000534057617,31.1200008392334,1032400,31.59000015258789,31.31999969482422,31.02428436279297
06-08-2020,30.860000610351562,31.1200008392334,236600,31.299999237060547,31.06999969482422,30.77664566040039
07-08-2020,30.6299991607666,30.809999465942383,291500,32.86000061035156,32.83000183105469,32.5200309753418
10-08-2020,29.899999618530273,30.049999237060547,4235200,32.09000015258789,31.579999923706055,31.281829833984375
11-08-2020,31.899999618530273,32.0,1180100,33.2599983215332,32.150001525878906,31.846446990966797
12-08-2020,30.559999465942383,32.95000076293945,2778300,33.27000045776367,32.36000061035156,32.05447006225586
13-08-2020,30.170000076293945,31.780000686645508,978500,31.90999984741211,30.639999389648438,30.350704193115234
14-08-2020,30.18000030517578,30.360000610351562,914400,31.440000534057617,30.709999084472656,30.4200439453125
17-08-2020,30.15999984741211,30.700000762939453,386300,30.75,30.610000610351562,30.320987701416016
18-08-2020,30.040000915527344,30.420000076293945,574900,30.649999618530273,30.200000762939453,29.914859771728516
19-08-2020,29.93000030517578,30.459999084472656,418100,30.950000762939453,30.06999969482422,29.78608512878418
20-08-2020,29.420000076293945,29.700000762939453,1059900,30.260000228881836,30.010000228881836,29.726652145385742
21-08-2020,29.610000610351562,29.700000762939453,702700,30.1299991607666,29.899999618530273,29.617691040039062
24-08-2020,30.200000762939453,30.90999984741211,773500,31.719999313354492,31.40999984741211,31.113435745239258
25-08-2020,30.8700008392334,31.790000915527344,463600,32.33000183105469,31.81999969482422,31.519563674926758
26-08-2020,30.829999923706055,31.729999542236328,504300,31.84000015258789,30.889999389648438,30.598344802856445
27-08-2020,30.75,30.84000015258789,375200,31.600000381469727,30.989999771118164,30.69740104675293
28-08-2020,30.850000381469727,31.25,306100,31.540000915527344,31.459999084472656,31.162961959838867
31-08-2020,30.940000534057617,31.25,425600,31.600000381469727,31.420000076293945,31.172883987426758
01-09-2020,30.780000686645508,31.09000015258789,402200,31.5,31.440000534057617,31.192726135253906
02-09-2020,31.260000228881836,31.5,532900,32.27000045776367,31.93000030517578,31.678871154785156
03-09-2020,30.559999465942383,32.099998474121094,444300,32.599998474121094,30.809999465942383,30.56768035888672
04-09-2020,30.450000762939453,31.549999237060547,410200,31.75,31.06999969482422,30.82563591003418
08-09-2020,30.420000076293945,30.59000015258789,455300,31.360000610351562,30.889999389648438,30.647050857543945
09-09-2020,30.530000686645508,31.030000686645508,633600,31.770000457763672,31.3799991607666,31.133197784423828
10-09-2020,30.670000076293945,31.649999618530273,367800,31.729999542236328,30.690000534057617,30.448623657226562
11-09-2020,30.469999313354492,30.6200008392334,603700,31.18000030517578,31.100000381469727,30.85540199279785
14-09-2020,31.020000457763672,31.329999923706055,580900,32.33000183105469,32.0,31.748323440551758
15-09-2020,31.459999084472656,32.119998931884766,205400,32.130001068115234,31.510000228881836,31.262176513671875
16-09-2020,31.299999237060547,31.479999542236328,386900,32.189998626708984,31.56999969482422,31.321704864501953
17-09-2020,30.809999465942383,31.079999923706055,288700,31.81999969482422,31.399999618530273,31.15304183959961
18-09-2020,30.440000534057617,31.540000915527344,1299500,31.799999237060547,30.649999618530273,30.408937454223633
21-09-2020,28.59000015258789,29.700000762939453,635500,29.860000610351562,29.100000381469727,28.871131896972656
22-09-2020,28.31999969482422,29.06999969482422,538700,29.479999542236328,28.670000076293945,28.44451332092285
23-09-2020,28.110000610351562,28.84000015258789,318700,29.610000610351562,28.149999618530273,27.928600311279297
24-09-2020,27.790000915527344,28.149999618530273,377100,28.889999389648438,28.489999771118164,28.265928268432617
25-09-2020,28.200000762939453,28.40999984741211,273100,29.270000457763672,29.110000610351562,28.881053924560547
28-09-2020,29.459999084472656,29.6200008392334,310800,30.399999618530273,30.020000457763672,29.783897399902344
29-09-2020,29.18000030517578,30.06999969482422,317700,30.06999969482422,29.770000457763672,29.535860061645508
30-09-2020,29.309999465942383,29.84000015258789,455700,30.31999969482422,29.6299991607666,29.39696502685547
01-10-2020,29.360000610351562,29.700000762939453,463200,30.110000610351562,30.040000915527344,29.80373764038086
02-10-2020,29.610000610351562,29.6200008392334,346300,31.270000457763672,31.040000915527344,30.79587173461914
05-10-2020,30.850000381469727,31.40999984741211,314900,31.770000457763672,31.479999542236328,31.232410430908203
06-10-2020,31.139999389648438,32.040000915527344,533600,32.189998626708984,31.25,31.004222869873047
07-10-2020,31.440000534057617,31.6299991607666,433000,32.06999969482422,31.479999542236328,31.232410430908203
08-10-2020,31.540000915527344,31.739999771118164,430000,32.470001220703125,32.290000915527344,32.03604507446289
09-10-2020,32.029998779296875,32.63999938964844,315900,32.650001525878906,32.5,32.244384765625
12-10-2020,32.220001220703125,32.349998474121094,270100,33.209999084472656,32.88999938964844,32.63132095336914
13-10-2020,31.510000228881836,32.880001068115234,267300,32.880001068115234,31.889999389648438,31.639188766479492
14-10-2020,31.610000610351562,31.799999237060547,224500,32.09000015258789,31.770000457763672,31.520132064819336
15-10-2020,31.209999084472656,31.329999923706055,215300,32.20000076293945,31.920000076293945,31.668949127197266
16-10-2020,31.3700008392334,31.760000228881836,465600,32.0,31.75,31.500286102294922
19-10-2020,31.649999618530273,32.0,344400,32.72999954223633,31.780000686645508,31.530052185058594
20-10-2020,32.029998779296875,32.16999816894531,417500,33.189998626708984,32.79999923706055,32.54203414916992
21-10-2020,31.360000610351562,34.689998626708984,1142900,35.459999084472656,31.81999969482422,31.56973648071289
22-10-2020,31.40999984741211,32.310001373291016,795400,33.470001220703125,31.950000762939453,31.69871711730957
23-10-2020,31.809999465942383,32.369998931884766,723800,32.65999984741211,32.29999923706055,32.04595947265625
26-10-2020,30.93000030517578,32.470001220703125,651000,32.59000015258789,31.18000030517578,30.934770584106445
27-10-2020,30.8700008392334,31.229999542236328,399600,31.450000762939453,31.049999237060547,30.80579376220703
28-10-2020,29.760000228881836,30.3799991607666,472600,30.65999984741211,29.889999389648438,29.654918670654297
29-10-2020,28.93000030517578,29.579999923706055,458200,30.239999771118164,30.0,29.76405143737793
30-10-2020,28.93000030517578,29.959999084472656,547900,30.360000610351562,29.350000381469727,29.119163513183594
02-11-2020,29.700000762939453,29.770000457763672,496000,30.559999465942383,30.1299991607666,29.89302635192871
03-11-2020,30.280000686645508,30.93000030517578,394800,31.1299991607666,30.600000381469727,30.35933494567871
04-11-2020,29.809999465942383,30.25,469200,31.81999969482422,31.209999084472656,30.964534759521484
05-11-2020,30.950000762939453,31.559999465942383,407300,32.380001068115234,31.190000534057617,30.94469451904297
06-11-2020,31.110000610351562,31.75,4152700,32.790000915527344,31.610000610351562,31.36138916015625
09-11-2020,30.6299991607666,33.97999954223633,4279100,35.15999984741211,30.729999542236328,30.488313674926758
10-11-2020,30.959999084472656,31.059999465942383,2006600,33.540000915527344,33.0,32.740455627441406
11-11-2020,32.040000915527344,33.16999816894531,2067200,33.4900016784668,32.56999969482422,32.313838958740234
12-11-2020,31.65999984741211,32.27000045776367,749700,32.630001068115234,32.40999984741211,32.155094146728516
13-11-2020,32.5099983215332,32.83000183105469,392700,33.77000045776367,33.130001068115234,32.86943435668945
16-11-2020,33.709999084472656,34.119998931884766,869200,34.7400016784668,34.599998474121094,34.32787322998047
17-11-2020,34.11000061035156,34.150001525878906,739600,34.849998474121094,34.72999954223633,34.456851959228516
18-11-2020,34.70000076293945,35.02000045776367,858600,35.56999969482422,35.09000015258789,34.814022064208984
19-11-2020,34.54999923706055,34.91999816894531,687000,35.43000030517578,35.2599983215332,34.98268127441406
20-11-2020,33.5099983215332,34.91999816894531,722700,35.40999984741211,34.58000183105469,34.30802917480469
23-11-2020,34.5,34.7599983215332,918100,35.459999084472656,35.04999923706055,34.774330139160156
24-11-2020,35.439998626708984,35.65999984741211,870800,36.54999923706055,36.060001373291016,35.776390075683594
25-11-2020,35.2599983215332,35.9900016784668,557600,36.41999816894531,35.83000183105469,35.5482063293457
27-11-2020,35.18000030517578,35.59000015258789,305200,35.939998626708984,35.81999969482422,35.53827667236328
30-11-2020,34.81999969482422,35.40999984741211,706000,35.779998779296875,35.040000915527344,34.81300735473633
01-12-2020,35.560001373291016,35.66999816894531,1754900,36.54999923706055,36.150001525878906,35.91581726074219
02-12-2020,35.91999816894531,36.08000183105469,1149800,37.060001373291016,36.650001525878906,36.412574768066406
03-12-2020,36.130001068115234,36.540000915527344,587800,37.150001525878906,36.88999938964844,36.651023864746094
04-12-2020,36.619998931884766,37.33000183105469,441000,37.380001068115234,36.72999954223633,36.492061614990234
07-12-2020,36.27000045776367,36.54999923706055,600400,36.849998474121094,36.459999084472656,36.22380065917969
08-12-2020,35.849998474121094,36.150001525878906,466600,36.779998779296875,36.52000045776367,36.28342056274414
09-12-2020,36.400001525878906,36.81999969482422,572800,36.86000061035156,36.599998474121094,36.36289978027344
10-12-2020,36.130001068115234,36.22999954223633,280200,36.86000061035156,36.779998779296875,36.5417366027832
11-12-2020,36.099998474121094,36.459999084472656,368700,36.959999084472656,36.79999923706055,36.56159973144531
14-12-2020,36.88999938964844,37.52000045776367,558500,37.88999938964844,37.20000076293945,36.959014892578125
15-12-2020,37.130001068115234,37.400001525878906,486800,38.06999969482422,38.02000045776367,37.773704528808594
16-12-2020,37.4900016784668,38.029998779296875,504800,38.689998626708984,38.58000183105469,38.330078125
17-12-2020,38.45000076293945,38.9900016784668,810700,39.790000915527344,39.66999816894531,39.41301727294922
18-12-2020,38.459999084472656,39.66999816894531,2105900,39.900001525878906,39.56999969482422,39.313663482666016
21-12-2020,38.38999938964844,39.2599983215332,585100,39.560001373291016,39.20000076293945,38.9460563659668
22-12-2020,38.90999984741211,39.47999954223633,412300,39.7400016784668,39.310001373291016,39.05534744262695
23-12-2020,39.560001373291016,39.560001373291016,455900,40.83000183105469,40.65999984741211,40.39659881591797
24-12-2020,40.060001373291016,40.90999984741211,336400,41.349998474121094,41.2400016784668,40.972843170166016
28-12-2020,40.439998626708984,41.45000076293945,503500,41.810001373291016,40.470001220703125,40.20783615112305
29-12-2020,39.310001373291016,40.5,427600,40.900001525878906,39.52000045776367,39.26398849487305
30-12-2020,39.810001373291016,40.25,444100,40.810001373291016,40.619998931884766,40.35686111450195
31-12-2020,39.9900016784668,40.4900016784668,402800,41.18000030517578,40.7599983215332,40.49595260620117
04-01-2021,39.58000183105469,41.189998626708984,560600,41.400001525878906,40.36000061035156,40.098541259765625
05-01-2021,40.06999969482422,40.119998931884766,461300,40.84000015258789,40.31999969482422,40.05880355834961
06-01-2021,39.40999984741211,40.40999984741211,1252300,41.61000061035156,40.65999984741211,40.39659881591797
07-01-2021,40.95000076293945,41.029998779296875,681300,42.380001068115234,42.189998626708984,41.91668701171875
08-01-2021,41.470001220703125,42.58000183105469,509800,42.650001525878906,42.33000183105469,42.055782318115234
11-01-2021,41.4900016784668,41.650001525878906,304500,42.38999938964844,42.29999923706055,42.02597427368164
12-01-2021,42.470001220703125,42.470001220703125,388300,43.540000915527344,43.470001220703125,43.18839645385742
13-01-2021,42.5,43.349998474121094,490200,43.540000915527344,43.150001525878906,42.87046813964844
14-01-2021,43.290000915527344,43.36000061035156,580000,44.970001220703125,44.380001068115234,44.09250259399414
15-01-2021,43.66999816894531,43.93000030517578,598600,44.90999984741211,44.709999084472656,44.42036437988281
19-01-2021,44.310001373291016,44.900001525878906,410900,45.29999923706055,45.25,44.95686721801758
20-01-2021,45.0,45.439998626708984,925900,46.59000015258789,45.349998474121094,45.05621337890625
21-01-2021,46.18000030517578,46.18000030517578,1076200,47.5,47.18000030517578,46.874366760253906
22-01-2021,44.900001525878906,47.16999816894531,845600,47.16999816894531,46.20000076293945,45.90071105957031
25-01-2021,44.779998779296875,46.02000045776367,851600,46.83000183105469,46.709999084472656,46.407405853271484
26-01-2021,46.86000061035156,47.0099983215332,573900,47.91999816894531,47.029998779296875,46.72533416748047
27-01-2021,44.25,46.18000030517578,762200,46.790000915527344,44.63999938964844,44.35081481933594
28-01-2021,44.0,45.0,510600,45.349998474121094,44.220001220703125,43.93354034423828
29-01-2021,42.709999084472656,44.119998931884766,761400,44.810001373291016,42.849998474121094,42.572410583496094
01-02-2021,42.279998779296875,43.040000915527344,457400,43.290000915527344,43.09000015258789,42.81085968017578
02-02-2021,43.22999954223633,43.59000015258789,490800,44.189998626708984,43.529998779296875,43.24800491333008
03-02-2021,43.61000061035156,43.61000061035156,373700,44.75,44.439998626708984,44.1521110534668
04-02-2021,44.290000915527344,44.40999984741211,849600,45.900001525878906,45.5099983215332,45.215179443359375
05-02-2021,44.63999938964844,45.810001373291016,506200,45.849998474121094,45.060001373291016,44.76810073852539
08-02-2021,45.029998779296875,45.060001373291016,309200,45.54999923706055,45.36000061035156,45.0661506652832
09-02-2021,45.130001068115234,45.220001220703125,830600,46.2400016784668,46.0,45.70200729370117
10-02-2021,45.380001068115234,46.25,378500,46.25,45.849998474121094,45.552974700927734
11-02-2021,45.150001525878906,45.849998474121094,411900,45.9900016784668,45.79999923706055,45.503299713134766
12-02-2021,45.220001220703125,45.5,300600,46.0,45.790000915527344,45.49336624145508
16-02-2021,45.130001068115234,45.88999938964844,1108200,45.9900016784668,45.189998626708984,44.897254943847656
17-02-2021,44.86000061035156,45.0,727000,45.720001220703125,45.18000030517578,44.887325286865234
18-02-2021,44.34000015258789,44.97999954223633,341000,45.34000015258789,44.630001068115234,44.340885162353516
19-02-2021,44.4900016784668,44.86000061035156,535700,45.33000183105469,45.099998474121094,44.80783462524414
22-02-2021,44.36000061035156,45.119998931884766,424400,45.130001068115234,44.619998931884766,44.3309440612793
23-02-2021,43.79999923706055,44.439998626708984,645000,44.77000045776367,44.43000030517578,44.14217758178711
24-02-2021,44.40999984741211,44.5099983215332,679100,45.790000915527344,45.5,45.20524597167969
25-02-2021,43.25,45.72999954223633,485000,45.88999938964844,43.400001525878906,43.11885452270508
26-02-2021,42.689998626708984,43.369998931884766,591400,44.040000915527344,43.38999938964844,43.16859817504883
01-03-2021,43.88999938964844,44.150001525878906,552900,44.88999938964844,44.52000045776367,44.29282760620117
02-03-2021,43.83000183105469,44.470001220703125,817000,45.20000076293945,44.619998931884766,44.39231491088867
03-03-2021,44.290000915527344,44.849998474121094,1164000,46.779998779296875,45.95000076293945,45.71553421020508
04-03-2021,44.0,46.86000061035156,1837600,49.150001525878906,44.06999969482422,43.845130920410156
05-03-2021,40.689998626708984,44.77000045776367,1097600,45.470001220703125,43.77000045776367,43.54665756225586
08-03-2021,44.11000061035156,44.38999938964844,610500,46.08000183105469,44.84000015258789,44.61119842529297
09-03-2021,44.380001068115234,44.95000076293945,703700,46.900001525878906,46.2599983215332,46.023948669433594
10-03-2021,46.189998626708984,46.650001525878906,932900,49.0099983215332,48.5,48.25251388549805
11-03-2021,48.02000045776367,48.5,797400,50.52000045776367,50.47999954223633,50.222415924072266
12-03-2021,49.720001220703125,50.86000061035156,596300,51.58000183105469,51.119998931884766,50.85914993286133
15-03-2021,49.849998474121094,51.06999969482422,608800,51.470001220703125,49.97999954223633,49.72496795654297
16-03-2021,48.15999984741211,49.59000015258789,372400,49.81999969482422,48.90999984741211,48.660430908203125
17-03-2021,48.810001373291016,48.97999954223633,422500,49.63999938964844,49.54999923706055,49.29716110229492
18-03-2021,48.529998779296875,49.84000015258789,610500,50.869998931884766,48.75,48.501243591308594
19-03-2021,46.810001373291016,48.38999938964844,1845000,48.849998474121094,47.58000183105469,47.337215423583984
22-03-2021,45.5099983215332,47.22999954223633,480800,47.459999084472656,46.41999816894531,46.18313217163086
23-03-2021,44.7400016784668,46.0,308900,46.52000045776367,44.9900016784668,44.760433197021484
24-03-2021,43.959999084472656,45.599998474121094,440700,46.939998626708984,44.09000015258789,43.865020751953125
25-03-2021,43.02000045776367,43.7599983215332,541200,44.939998626708984,44.619998931884766,44.39231491088867
26-03-2021,44.16999816894531,45.09000015258789,367200,45.56999969482422,45.0,44.77037811279297
29-03-2021,43.88999938964844,44.7400016784668,552600,45.4900016784668,44.88999938964844,44.66094207763672
30-03-2021,44.619998931884766,45.11000061035156,244200,45.689998626708984,45.13999938964844,44.90966796875
31-03-2021,44.400001525878906,45.099998474121094,400500,45.540000915527344,45.099998474121094,44.869869232177734
01-04-2021,44.970001220703125,45.189998626708984,324100,45.790000915527344,45.560001373291016,45.32752227783203
05-04-2021,45.18000030517578,46.029998779296875,338200,46.27000045776367,45.70000076293945,45.4668083190918
06-04-2021,45.060001373291016,45.66999816894531,371400,45.900001525878906,45.61000061035156,45.37726974487305
07-04-2021,44.84000015258789,45.61000061035156,387000,46.029998779296875,45.13999938964844,44.90966796875
08-04-2021,43.88999938964844,44.939998626708984,554100,44.939998626708984,44.630001068115234,44.40227127075195
09-04-2021,44.47999954223633,44.95000076293945,334400,45.290000915527344,44.83000183105469,44.60124588012695
12-04-2021,44.91999816894531,45.15999984741211,392300,45.810001373291016,44.95000076293945,44.72063446044922
13-04-2021,43.709999084472656,44.70000076293945,931100,44.95000076293945,44.099998474121094,43.874969482421875
14-04-2021,43.84000015258789,44.16999816894531,436400,44.91999816894531,44.36000061035156,44.133644104003906
15-04-2021,43.61000061035156,44.5,503100,44.529998779296875,44.209999084472656,43.984413146972656
16-04-2021,43.130001068115234,44.79999923706055,412800,44.79999923706055,43.810001373291016,43.58645248413086
19-04-2021,43.04999923706055,43.7400016784668,566600,44.189998626708984,44.18000030517578,43.95456314086914
20-04-2021,42.22999954223633,43.97999954223633,665000,43.97999954223633,42.88999938964844,42.671146392822266
21-04-2021,42.36000061035156,42.56999969482422,722900,43.41999816894531,43.349998474121094,43.1287956237793
22-04-2021,43.290000915527344,43.81999969482422,503800,44.36000061035156,43.869998931884766,43.64614486694336
23-04-2021,43.810001373291016,43.959999084472656,492500,45.619998931884766,45.369998931884766,45.138492584228516
26-04-2021,46.79999923706055,46.88999938964844,3785600,49.630001068115234,48.29999923706055,48.05354309082031
27-04-2021,48.0,48.310001373291016,2343100,49.220001220703125,48.779998779296875,48.531089782714844
28-04-2021,46.709999084472656,48.779998779296875,2531500,49.2400016784668,47.56999969482422,47.327266693115234
29-04-2021,46.790000915527344,47.939998626708984,1232300,48.439998626708984,46.93000030517578,46.69053268432617
30-04-2021,45.7400016784668,46.52000045776367,1767500,46.900001525878906,46.540000915527344,46.302520751953125
03-05-2021,45.68000030517578,46.43000030517578,1299000,47.220001220703125,46.63999938964844,46.40201187133789
04-05-2021,45.47999954223633,46.189998626708984,1085800,46.59000015258789,45.79999923706055,45.56629943847656
05-05-2021,45.20000076293945,46.04999923706055,1472800,46.689998626708984,46.54999923706055,46.31247329711914
06-05-2021,45.0099983215332,46.47999954223633,802100,46.61000061035156,46.09000015258789,45.85481643676758
07-05-2021,45.150001525878906,45.779998779296875,755000,46.81999969482422,46.52000045776367,46.282623291015625
10-05-2021,45.7400016784668,46.810001373291016,870100,47.0,45.77000045776367,45.53644943237305
11-05-2021,44.90999984741211,45.16999816894531,453200,46.189998626708984,45.119998931884766,44.889766693115234
12-05-2021,43.5,45.470001220703125,1096200,45.880001068115234,43.66999816894531,43.447166442871094
13-05-2021,43.59000015258789,43.790000915527344,1613200,44.90999984741211,44.560001373291016,44.3326301574707
14-05-2021,44.560001373291016,45.06999969482422,458300,46.04999923706055,45.84000015258789,45.60609436035156
17-05-2021,45.68000030517578,45.68000030517578,579600,46.95000076293945,46.91999816894531,46.680580139160156
18-05-2021,46.20000076293945,47.08000183105469,299700,47.150001525878906,46.209999084472656,45.974205017089844
19-05-2021,45.31999969482422,45.619998931884766,651300,46.119998931884766,45.58000183105469,45.34741973876953
20-05-2021,45.119998931884766,45.689998626708984,552100,45.779998779296875,45.66999816894531,45.43696212768555
21-05-2021,45.380001068115234,46.27000045776367,399800,46.29999923706055,45.61000061035156,45.37726974487305
24-05-2021,45.11000061035156,45.75,274000,45.75,45.349998474121094,45.11859130859375
25-05-2021,44.650001525878906,45.65999984741211,389800,46.119998931884766,44.65999984741211,44.43210983276367
26-05-2021,44.70000076293945,44.81999969482422,309900,45.689998626708984,45.47999954223633,45.24793243408203
27-05-2021,45.650001525878906,46.130001068115234,507300,46.369998931884766,45.77000045776367,45.53644943237305
28-05-2021,45.150001525878906,45.75,425400,45.959999084472656,45.79999923706055,45.62610626220703
01-06-2021,45.91999816894531,45.91999816894531,745100,47.2599983215332,47.060001373291016,46.881324768066406
02-06-2021,46.310001373291016,47.130001068115234,697600,47.130001068115234,46.599998474121094,46.42306900024414
03-06-2021,46.150001525878906,46.31999969482422,1755900,47.13999938964844,46.68000030517578,46.50276565551758
04-06-2021,46.09000015258789,46.84000015258789,204900,46.84000015258789,46.40999984741211,46.233787536621094
07-06-2021,46.33000183105469,46.77000045776367,182400,46.79999923706055,46.33000183105469,46.15409851074219
08-06-2021,45.900001525878906,46.5099983215332,357600,46.939998626708984,46.720001220703125,46.54261779785156
09-06-2021,46.09000015258789,46.7400016784668,332000,46.7400016784668,46.099998474121094,45.92496871948242
10-06-2021,45.040000915527344,46.59000015258789,523900,46.689998626708984,45.08000183105469,44.908843994140625
11-06-2021,45.0,45.15999984741211,181800,45.540000915527344,45.27000045776367,45.098121643066406
14-06-2021,44.599998474121094,45.61000061035156,399100,45.61000061035156,45.130001068115234,44.95865249633789
15-06-2021,44.79999923706055,45.18000030517578,509100,46.43000030517578,45.939998626708984,45.76557159423828
16-06-2021,45.41999816894531,45.83000183105469,201600,46.41999816894531,45.7599983215332,45.58625793457031
17-06-2021,43.95000076293945,46.04999923706055,485400,46.09000015258789,44.36000061035156,44.19157791137695
18-06-2021,42.4900016784668,43.630001068115234,666700,43.88999938964844,42.68000030517578,42.51795196533203
21-06-2021,42.970001220703125,42.970001220703125,402300,43.91999816894531,43.72999954223633,43.563968658447266
22-06-2021,42.7599983215332,43.540000915527344,716400,43.65999984741211,42.91999816894531,42.757041931152344
23-06-2021,42.720001220703125,42.959999084472656,482100,43.2599983215332,42.790000915527344,42.62753677368164
24-06-2021,42.5099983215332,42.849998474121094,495700,43.40999984741211,43.150001525878906,42.98617172241211
25-06-2021,43.16999816894531,43.47999954223633,929600,44.0,43.349998474121094,43.18540954589844
28-06-2021,42.400001525878906,43.13999938964844,479200,43.279998779296875,42.65999984741211,42.49803161621094
29-06-2021,41.88999938964844,42.90999984741211,432400,43.33000183105469,42.029998779296875,41.87042236328125
30-06-2021,41.90999984741211,42.040000915527344,256900,42.54999923706055,42.27000045776367,42.10951232910156
01-07-2021,42.439998626708984,42.459999084472656,371700,43.720001220703125,43.47999954223633,43.314918518066406
02-07-2021,42.779998779296875,43.4900016784668,302100,43.4900016784668,42.810001373291016,42.647457122802734
06-07-2021,41.75,42.630001068115234,619500,42.709999084472656,42.18000030517578,42.01985168457031
07-07-2021,41.40999984741211,41.83000183105469,931100,42.84000015258789,42.33000183105469,42.16928482055664
08-07-2021,41.4900016784668,41.70000076293945,593300,42.63999938964844,41.81999969482422,41.66122055053711
09-07-2021,42.439998626708984,42.5,515900,43.529998779296875,43.16999816894531,43.00608825683594
12-07-2021,42.5099983215332,43.13999938964844,658400,44.220001220703125,44.220001220703125,44.05210876464844
13-07-2021,42.209999084472656,43.869998931884766,575800,43.9900016784668,42.56999969482422,42.40836715698242
14-07-2021,42.369998931884766,42.709999084472656,490800,43.31999969482422,42.81999969482422,42.65742111206055
15-07-2021,42.29999923706055,42.4900016784668,594000,43.939998626708984,43.93000030517578,43.763206481933594
16-07-2021,42.56999969482422,44.2599983215332,292600,44.45000076293945,42.93000030517578,42.767005920410156
19-07-2021,41.47999954223633,41.91999816894531,416300,42.349998474121094,42.0099983215332,41.85049819946289
20-07-2021,41.810001373291016,42.02000045776367,429600,43.52000045776367,42.880001068115234,42.71719741821289
21-07-2021,42.91999816894531,43.40999984741211,218000,43.58000183105469,43.0099983215332,42.84669876098633
22-07-2021,42.099998474121094,43.0,504200,43.0,42.650001525878906,42.48807144165039
23-07-2021,42.47999954223633,43.0,291200,43.380001068115234,42.52000045776367,42.35856246948242
26-07-2021,42.619998931884766,42.790000915527344,308600,43.290000915527344,42.95000076293945,42.786930084228516
27-07-2021,42.099998474121094,42.43000030517578,212200,43.04999923706055,42.59000015258789,42.42829513549805
28-07-2021,43.16999816894531,43.16999816894531,860000,47.45000076293945,46.709999084472656,46.532649993896484
29-07-2021,45.790000915527344,47.0,481800,47.40999984741211,45.95000076293945,45.77553939819336
30-07-2021,45.4900016784668,45.68000030517578,489800,46.34000015258789,45.7599983215332,45.58625793457031
02-08-2021,45.63999938964844,46.2599983215332,326700,46.61000061035156,45.86000061035156,45.685882568359375
03-08-2021,45.220001220703125,45.849998474121094,710100,47.130001068115234,47.130001068115234,46.9510612487793
04-08-2021,46.31999969482422,46.75,541900,47.43000030517578,46.59000015258789,46.413108825683594
05-08-2021,46.939998626708984,46.939998626708984,409400,47.869998931884766,47.310001373291016,47.13037872314453
06-08-2021,47.40999984741211,47.900001525878906,239400,48.029998779296875,47.72999954223633,47.54877853393555
09-08-2021,47.16999816894531,47.70000076293945,370000,48.15999984741211,47.90999984741211,47.72809982299805
10-08-2021,47.58000183105469,47.720001220703125,177500,48.47999954223633,48.439998626708984,48.25608444213867
11-08-2021,48.130001068115234,48.459999084472656,230400,49.310001373291016,49.25,49.063011169433594
12-08-2021,49.04999923706055,49.2599983215332,254900,49.86000061035156,49.84000015258789,49.6507682800293
13-08-2021,49.27000045776367,50.0,235400,50.0,49.459999084472656,49.272212982177734
16-08-2021,48.66999816894531,49.0,636500,49.720001220703125,48.77000045776367,48.58483123779297
17-08-2021,48.08000183105469,48.2599983215332,499700,49.45000076293945,48.849998474121094,48.66452407836914
18-08-2021,47.25,48.720001220703125,276000,48.84000015258789,48.04999923706055,47.8675651550293
19-08-2021,46.7599983215332,47.45000076293945,325800,48.06999969482422,47.34000015258789,47.16025924682617
20-08-2021,47.33000183105469,47.33000183105469,194000,48.470001220703125,48.43000030517578,48.24612045288086
23-08-2021,48.31999969482422,48.63999938964844,158100,48.83000183105469,48.70000076293945,48.515098571777344
24-08-2021,48.650001525878906,48.900001525878906,764000,49.349998474121094,48.849998474121094,48.66452407836914
25-08-2021,48.90999984741211,48.90999984741211,168300,49.93000030517578,49.099998474121094,48.913578033447266
26-08-2021,48.38999938964844,48.900001525878906,465100,49.2400016784668,48.5,48.315853118896484
27-08-2021,48.439998626708984,48.439998626708984,403900,49.33000183105469,49.31999969482422,49.13274383544922
30-08-2021,48.54999923706055,49.45000076293945,236300,49.45000076293945,49.0,48.81395721435547
31-08-2021,48.7400016784668,48.7400016784668,312200,49.779998779296875,49.459999084472656,49.33262252807617
01-09-2021,48.79999923706055,49.65999984741211,446300,49.90999984741211,49.4900016784668,49.362545013427734
02-09-2021,49.15999984741211,49.52000045776367,326500,49.9900016784668,49.790000915527344,49.66176986694336
03-09-2021,49.439998626708984,49.540000915527344,931500,50.060001373291016,49.599998474121094,49.472259521484375
07-09-2021,49.45000076293945,49.45000076293945,218300,50.369998931884766,49.459999084472656,49.33262252807617
08-09-2021,48.540000915527344,49.22999954223633,183500,49.619998931884766,48.779998779296875,48.65437316894531
09-09-2021,48.439998626708984,48.56999969482422,421500,49.9900016784668,48.7599983215332,48.634422302246094
10-09-2021,48.75,49.20000076293945,221000,49.43000030517578,48.77000045776367,48.6443977355957
13-09-2021,48.970001220703125,49.119998931884766,351700,50.22999954223633,50.220001220703125,50.09066390991211
14-09-2021,49.369998931884766,50.41999816894531,277100,50.439998626708984,49.65999984741211,49.5321044921875
15-09-2021,49.709999084472656,49.709999084472656,249300,50.790000915527344,50.68000030517578,50.54948043823242
16-09-2021,49.939998626708984,51.0,611600,51.209999084472656,50.0,49.87123107910156
17-09-2021,49.869998931884766,50.13999938964844,1426200,50.5,50.400001525878906,50.27020263671875
20-09-2021,48.529998779296875,49.029998779296875,457400,49.560001373291016,49.439998626708984,49.31267166137695
21-09-2021,49.08000183105469,49.810001373291016,266900,49.81999969482422,49.29999923706055,49.173030853271484
22-09-2021,49.29999923706055,49.880001068115234,321100,50.16999816894531,49.29999923706055,49.173030853271484
23-09-2021,49.58000183105469,49.58000183105469,291900,50.689998626708984,49.97999954223633,49.851280212402344
24-09-2021,49.9900016784668,49.9900016784668,227600,50.61000061035156,50.08000183105469,49.951026916503906
27-09-2021,50.59000015258789,50.59000015258789,193900,52.400001525878906,51.869998931884766,51.736412048339844
28-09-2021,51.220001220703125,51.959999084472656,336500,52.529998779296875,51.31999969482422,51.18783187866211
29-09-2021,51.04999923706055,51.59000015258789,234400,51.91999816894531,51.06999969482422,50.938472747802734
30-09-2021,50.7400016784668,51.119998931884766,469000,51.7400016784668,50.779998779296875,50.64921951293945
01-10-2021,51.06999969482422,51.150001525878906,558200,53.380001068115234,53.33000183105469,53.19265365600586
04-10-2021,52.779998779296875,53.0099983215332,426000,53.900001525878906,53.38999938964844,53.252498626708984
05-10-2021,53.13999938964844,53.790000915527344,474000,54.130001068115234,53.29999923706055,53.1627311706543
06-10-2021,51.65999984741211,52.720001220703125,240500,53.16999816894531,53.119998931884766,52.983192443847656
07-10-2021,53.400001525878906,53.529998779296875,970000,54.099998474121094,53.81999969482422,53.68138885498047
08-10-2021,53.40999984741211,53.650001525878906,153600,54.4900016784668,54.060001373291016,53.920772552490234
11-10-2021,54.290000915527344,54.349998474121094,189200,54.91999816894531,54.29999923706055,54.16015625
12-10-2021,54.09000015258789,54.18000030517578,179700,54.84000015258789,54.439998626708984,54.2997932434082
13-10-2021,53.560001373291016,54.4900016784668,267100,54.75,54.47999954223633,54.339691162109375
14-10-2021,54.5099983215332,54.90999984741211,283200,55.15999984741211,55.08000183105469,54.938148498535156
15-10-2021,54.56999969482422,55.86000061035156,281600,55.9900016784668,54.56999969482422,54.42945861816406
18-10-2021,54.66999816894531,54.66999816894531,385900,55.75,54.970001220703125,54.82843017578125
19-10-2021,54.65999984741211,55.40999984741211,314000,55.619998931884766,55.619998931884766,55.47675704956055
20-10-2021,55.279998779296875,55.400001525878906,216600,56.029998779296875,55.88999938964844,55.74605941772461
21-10-2021,54.9900016784668,55.79999923706055,273300,56.09000015258789,55.959999084472656,55.815879821777344
22-10-2021,55.150001525878906,55.709999084472656,322600,56.77000045776367,55.189998626708984,55.04785919189453
25-10-2021,55.040000915527344,55.31999969482422,231800,55.540000915527344,55.2599983215332,55.11768341064453
26-10-2021,54.70000076293945,55.189998626708984,200400,55.439998626708984,55.0099983215332,54.868324279785156
27-10-2021,48.0,52.95000076293945,1188700,52.95000076293945,49.91999816894531,49.79143142700195
28-10-2021,47.84000015258789,49.81999969482422,608800,50.09000015258789,49.16999816894531,49.043365478515625
29-10-2021,47.13999938964844,49.380001068115234,893400,49.470001220703125,47.189998626708984,47.06846618652344
01-11-2021,47.560001373291016,47.599998474121094,754900,48.66999816894531,48.11000061035156,47.9860954284668
02-11-2021,47.58000183105469,48.34000015258789,523500,48.34000015258789,47.869998931884766,47.7467155456543
03-11-2021,47.540000915527344,47.58000183105469,797200,49.61000061035156,48.77000045776367,48.6443977355957
04-11-2021,47.91999816894531,48.83000183105469,369000,48.83000183105469,48.2599983215332,48.19499969482422
05-11-2021,48.13999938964844,48.720001220703125,618400,49.36000061035156,48.290000915527344,48.2249641418457
08-11-2021,48.439998626708984,48.900001525878906,443400,49.18000030517578,49.09000015258789,49.02388381958008
09-11-2021,48.63999938964844,48.77000045776367,439100,49.54999923706055,49.2400016784668,49.173683166503906
10-11-2021,48.36000061035156,49.0,169300,49.54999923706055,48.4900016784668,48.4246940612793
11-11-2021,48.279998779296875,48.43000030517578,171100,49.349998474121094,48.959999084472656,48.89405822753906
12-11-2021,48.13999938964844,49.099998474121094,279800,49.099998474121094,48.43000030517578,48.36477279663086
15-11-2021,48.560001373291016,48.68000030517578,285200,49.08000183105469,48.709999084472656,48.64439392089844
16-11-2021,48.29999923706055,48.689998626708984,1870300,48.869998931884766,48.58000183105469,48.51457214355469
17-11-2021,47.2599983215332,48.2400016784668,405000,48.380001068115234,48.18000030517578,48.115108489990234
18-11-2021,47.2599983215332,48.08000183105469,420400,48.38999938964844,47.43000030517578,47.366119384765625
19-11-2021,46.70000076293945,46.91999816894531,391200,47.65999984741211,47.43000030517578,47.366119384765625
22-11-2021,47.7400016784668,47.939998626708984,405500,48.779998779296875,48.5,48.43467712402344
23-11-2021,48.619998931884766,48.72999954223633,223400,49.189998626708984,48.849998474121094,48.78420639038086
24-11-2021,48.4900016784668,48.65999984741211,190800,49.459999084472656,49.290000915527344,49.22361755371094
26-11-2021,46.65999984741211,47.81999969482422,244700,48.04999923706055,47.970001220703125,47.9053955078125
29-11-2021,46.709999084472656,48.45000076293945,368800,48.459999084472656,47.029998779296875,46.96665573120117
30-11-2021,45.880001068115234,46.47999954223633,459400,47.040000915527344,46.540000915527344,46.477317810058594
01-12-2021,45.5099983215332,47.56999969482422,419600,47.65999984741211,45.52000045776367,45.45869445800781
02-12-2021,45.77000045776367,45.970001220703125,486800,48.02000045776367,47.43000030517578,47.366119384765625
03-12-2021,46.65999984741211,47.560001373291016,585800,47.81999969482422,46.83000183105469,46.766929626464844
06-12-2021,46.880001068115234,47.599998474121094,403800,48.77000045776367,47.83000183105469,47.76558303833008
07-12-2021,47.63999938964844,48.189998626708984,319600,48.38999938964844,47.869998931884766,47.80552673339844
08-12-2021,47.36000061035156,47.9900016784668,302000,48.349998474121094,48.20000076293945,48.13508224487305
09-12-2021,47.25,47.66999816894531,202200,47.84000015258789,47.5099983215332,47.44601058959961
10-12-2021,46.91999816894531,47.45000076293945,539200,48.29999923706055,48.15999984741211,48.09513854980469
13-12-2021,46.959999084472656,47.81999969482422,690100,47.90999984741211,46.959999084472656,46.896751403808594
14-12-2021,45.97999954223633,46.900001525878906,492800,47.65999984741211,46.130001068115234,46.06787109375
15-12-2021,45.09000015258789,46.220001220703125,791600,46.400001525878906,45.119998931884766,45.05923080444336
16-12-2021,45.54999923706055,45.7400016784668,1598200,46.54999923706055,45.779998779296875,45.71834182739258
17-12-2021,44.59000015258789,45.56999969482422,1339900,45.56999969482422,45.18000030517578,45.1191520690918
20-12-2021,43.91999816894531,44.4900016784668,528400,45.189998626708984,45.08000183105469,45.019287109375
21-12-2021,45.36000061035156,45.470001220703125,277200,46.34000015258789,46.150001525878906,46.08784484863281
22-12-2021,46.04999923706055,46.119998931884766,203700,46.95000076293945,46.84000015258789,46.77691650390625
23-12-2021,46.869998931884766,47.04999923706055,230900,47.43000030517578,47.040000915527344,46.976646423339844
27-12-2021,46.79999923706055,47.2599983215332,270100,47.880001068115234,47.72999954223633,47.665714263916016
28-12-2021,47.4900016784668,47.68000030517578,132000,48.18000030517578,47.970001220703125,47.9053955078125
29-12-2021,47.529998779296875,48.119998931884766,149600,48.130001068115234,47.83000183105469,47.76558303833008
30-12-2021,47.599998474121094,47.709999084472656,139900,48.20000076293945,47.790000915527344,47.72563552856445
31-12-2021,47.5,47.619998931884766,168300,48.27000045776367,47.939998626708984,47.875431060791016
03-01-2022,47.90999984741211,48.2599983215332,397300,48.86000061035156,48.709999084472656,48.64439392089844
04-01-2022,49.0,49.0,615300,49.9900016784668,49.38999938964844,49.32347869873047
05-01-2022,49.470001220703125,49.81999969482422,886500,50.689998626708984,49.52000045776367,49.453304290771484
06-01-2022,49.70000076293945,49.939998626708984,626800,51.20000076293945,51.09000015258789,51.02119064331055
07-01-2022,50.33000183105469,51.0099983215332,577900,51.65999984741211,51.59000015258789,51.5205192565918
10-01-2022,50.869998931884766,51.97999954223633,532900,52.27000045776367,51.41999816894531,51.350746154785156
11-01-2022,50.95000076293945,51.65999984741211,331100,52.060001373291016,51.689998626708984,51.62038040161133
12-01-2022,51.720001220703125,51.720001220703125,428000,52.59000015258789,52.150001525878906,52.07976531982422
13-01-2022,52.11000061035156,52.29999923706055,489300,53.29999923706055,52.130001068115234,52.059791564941406
14-01-2022,51.4900016784668,51.61000061035156,334300,52.22999954223633,52.04999923706055,51.979896545410156
18-01-2022,51.150001525878906,52.0099983215332,574200,52.56999969482422,51.2599983215332,51.19095993041992
19-01-2022,49.720001220703125,51.41999816894531,307500,51.41999816894531,49.72999954223633,49.663021087646484
20-01-2022,48.2599983215332,49.720001220703125,508800,50.13999938964844,48.540000915527344,48.47462463378906
21-01-2022,46.93000030517578,48.529998779296875,545000,48.529998779296875,46.93000030517578,46.86679458618164
24-01-2022,45.72999954223633,46.290000915527344,782100,48.040000915527344,47.86000061035156,47.79553985595703
25-01-2022,46.560001373291016,47.599998474121094,383500,48.06999969482422,47.38999938964844,47.326171875
26-01-2022,46.099998474121094,48.13999938964844,935000,48.709999084472656,46.540000915527344,46.477317810058594
27-01-2022,44.7599983215332,46.43000030517578,612100,47.15999984741211,45.52000045776367,45.45869445800781
28-01-2022,44.380001068115234,45.529998779296875,474300,45.959999084472656,45.91999816894531,45.858150482177734
31-01-2022,44.560001373291016,45.41999816894531,511800,45.95000076293945,45.25,45.189056396484375
01-02-2022,44.630001068115234,45.040000915527344,426300,46.119998931884766,46.02000045776367,45.9580192565918
02-02-2022,44.61000061035156,45.689998626708984,946100,46.15999984741211,44.79999923706055,44.739662170410156
03-02-2022,44.189998626708984,44.619998931884766,1318900,45.369998931884766,44.54999923706055,44.48999786376953
04-02-2022,44.25,44.619998931884766,343500,45.4900016784668,44.93000030517578,44.93000030517578
07-02-2022,44.869998931884766,44.869998931884766,595500,45.90999984741211,45.72999954223633,45.72999954223633
08-02-2022,45.47999954223633,45.9900016784668,393600,46.22999954223633,46.0099983215332,46.0099983215332
09-02-2022,45.849998474121094,45.900001525878906,361300,46.709999084472656,46.27000045776367,46.27000045776367
10-02-2022,45.22999954223633,46.099998474121094,453000,46.75,45.599998474121094,45.599998474121094
11-02-2022,45.34000015258789,45.43000030517578,256700,46.16999816894531,45.90999984741211,45.90999984741211
14-02-2022,45.369998931884766,45.959999084472656,38159,46.27000045776367,45.54999923706055,45.54999923706055
